Turnout: logit/probit models for binary data

Voter turnout is coded as a binary indicator (y =1 if voted, 0 otherwise) and related to covariates via a logit model.  The data comprise a random 3,000 observation subset of a much larger data set analyzed by Jonathan Nagler.

Logit model:

A logit model for binary data is easily implemented in WinBUGS, with the dbern() sampling density and the logit() link function:
  
model{
  for (i in 1:N){                 ## loop over observations
    y[i] ~ dbern(p[i]);           ## binary outcome, Bernoulli trial
    logit(p[i]) <- mu[i];         ## logit link
    mu[i] <- beta[1]              ## regression structure for covariates
             + beta[2]*educ[i]
             + beta[3]*(educ[i]*educ[i])      
             + beta[4]*age[i]
             + beta[5]*(age[i]*age[i])
             + beta[6]*south[i]
             + beta[7]*govelec[i]
             + beta[8]*closing[i] 
             + beta[9]*(closing[i]*educ[i]) 
             + beta[10]*(educ[i]*educ[i]*closing[i]);
		
		## extra quantity, not necc for model fitting
    llh[i] <- y[i]*log(p[i]) + (1-y[i])*log(1-p[i]);  ## llh contribution
  }

  sumllh <- sum(llh[]);    ## sum of log-likelihood contributions
 
  ## priors, hyper-parameters b0 and B given at end of data file
  beta[1:10] ~ dmnorm(b0[ ] , B[ , ]) ;  ## multivariate Normal prior
}


Data:

list(y = c(1, 0, 1, 1, 1, 1, 0, 1, 0, 1, 1, 0, 1, 1, 1, 1, 1, 1, 1, 1, 0, 1, 0, 
	1, 1, 0, 1, 0, 1, 1, 1, 0, 1, 0, 1, 1, 1, 1, 1, 1, 0, 1, 1, 1, 0, 1, 1, 
	0, 1, 1, 1, 1, 1, 1, 0, 1, 0, 0, 1, 0, 0, 1, 1, 1, 1, 0, 1, 0, 1, 0, 0, 
	0, 0, 1, 1, 1, 0, 1, 1, 1, 0, 1, 1, 1, 0, 0, 1, 1, 0, 1, 1, 1, 1, 1, 1, 
	1, 0, 0, 1, 1, 0, 0, 1, 1, 1, 0, 1, 0, 0, 1, 0, 0, 0, 0, 1, 1, 1, 1, 0, 
	1, 1, 1, 1, 0, 0, 1, 1, 0, 1, 1, 1, 0, 0, 1, 1, 0, 1, 1, 1, 1, 1, 1, 0, 
	1, 0, 1, 1, 0, 1, 1, 1, 1, 0, 1, 1, 1, 1, 0, 0, 1, 1, 1, 1, 0, 1, 0, 0, 
	0, 1, 1, 1, 1, 1, 1, 1, 0, 1, 0, 1, 1, 1, 1, 1, 1, 1, 1, 0, 1, 1, 0, 0, 
	1, 0, 1, 1, 1, 1, 0, 0, 1, 1, 0, 1, 1, 0, 1, 1, 1, 0, 1, 0, 1, 1, 1, 0, 
	1, 1, 1, 0, 1, 0, 0, 0, 1, 1, 1, 1, 1, 0, 0, 1, 0, 0, 1, 1, 1, 0, 1, 0, 
	1, 1, 1, 0, 1, 1, 1, 1, 1, 1, 1, 1, 1, 0, 1, 0, 1, 0, 1, 1, 1, 1, 1, 1, 
	1, 1, 1, 1, 1, 1, 1, 0, 1, 1, 1, 1, 1, 1, 0, 1, 1, 0, 1, 0, 0, 1, 1, 0, 
	1, 1, 0, 0, 1, 1, 1, 1, 0, 1, 1, 1, 1, 0, 0, 0, 0, 1, 1, 1, 1, 0, 1, 1, 
	1, 1, 1, 1, 1, 1, 1, 1, 0, 1, 1, 1, 1, 1, 1, 0, 0, 1, 1, 0, 0, 0, 1, 1, 
	1, 1, 0, 1, 1, 1, 1, 0, 0, 1, 1, 1, 0, 1, 0, 0, 1, 0, 1, 1, 0, 1, 0, 1, 
	1, 1, 1, 0, 1, 1, 0, 0, 0, 1, 1, 1, 1, 1, 1, 1, 0, 0, 0, 1, 1, 1, 1, 1, 
	1, 1, 1, 0, 0, 0, 1, 1, 1, 1, 1, 1, 1, 1, 0, 1, 0, 1, 0, 0, 1, 0, 1, 1, 
	0, 1, 0, 0, 0, 0, 1, 1, 0, 0, 1, 1, 1, 1, 1, 0, 1, 0, 1, 1, 1, 1, 1, 1, 
	1, 0, 1, 1, 1, 1, 1, 0, 0, 1, 1, 1, 0, 0, 1, 1, 1, 0, 1, 0, 0, 1, 0, 0, 
	0, 1, 1, 1, 1, 0, 1, 0, 0, 1, 1, 1, 1, 1, 1, 1, 1, 0, 1, 1, 0, 1, 1, 0, 
	1, 0, 1, 1, 0, 1, 1, 1, 1, 1, 0, 1, 0, 1, 1, 1, 1, 1, 1, 0, 1, 1, 1, 1, 
	1, 1, 1, 1, 1, 0, 0, 1, 1, 1, 1, 1, 1, 1, 0, 0, 1, 0, 1, 0, 1, 1, 1, 1, 
	1, 1, 0, 1, 1, 0, 0, 1, 0, 1, 0, 0, 0, 0, 0, 1, 1, 0, 1, 1, 1, 1, 0, 1, 
	1, 0, 1, 1, 1, 1, 1, 1, 0, 1, 1, 1, 1, 1, 0, 1, 0, 1, 1, 1, 1, 0, 1, 0, 
	0, 0, 1, 1, 1, 1, 1, 1, 0, 0, 1, 1, 0, 1, 1, 1, 0, 1, 0, 1, 1, 0, 1, 1, 
	0, 1, 1, 1, 1, 1, 1, 0, 1, 0, 1, 1, 1, 1, 1, 1, 1, 0, 0, 1, 1, 1, 1, 0, 
	1, 1, 1, 1, 0, 1, 0, 1, 0, 1, 1, 0, 1, 1, 0, 1, 0, 1, 0, 1, 1, 1, 1, 0, 
	0, 1, 0, 1, 1, 1, 0, 0, 1, 0, 1, 1, 1, 1, 0, 0, 1, 0, 1, 1, 1, 1, 1, 1, 
	0, 0, 1, 1, 1, 1, 0, 1, 1, 1, 0, 1, 1, 1, 1, 1, 1, 0, 1, 1, 1, 0, 1, 0, 
	1, 0, 0, 1, 0, 1, 1, 0, 0, 0, 0, 0, 0, 0, 0, 1, 1, 1, 0, 1, 1, 0, 1, 1, 
	1, 1, 0, 1, 1, 1, 0, 0, 1, 0, 1, 1, 1, 1, 1, 1, 1, 1, 1, 1, 1, 0, 0, 1, 
	1, 1, 1, 1, 0, 0, 1, 1, 0, 1, 1, 1, 1, 0, 1, 1, 0, 1, 0, 1, 1, 0, 0, 1, 
	1, 1, 1, 1, 0, 1, 1, 1, 1, 0, 0, 1, 1, 1, 0, 1, 0, 0, 1, 1, 1, 0, 1, 1, 
	0, 1, 1, 0, 0, 1, 1, 1, 0, 1, 1, 1, 0, 1, 1, 1, 0, 1, 1, 1, 1, 0, 1, 1, 
	1, 1, 1, 0, 1, 0, 1, 1, 1, 1, 1, 0, 0, 1, 1, 0, 1, 0, 0, 0, 0, 1, 1, 1, 
	1, 1, 1, 1, 1, 0, 1, 0, 0, 0, 1, 1, 1, 0, 0, 0, 1, 1, 1, 1, 1, 0, 1, 1, 
	1, 0, 0, 1, 1, 0, 1, 1, 0, 0, 1, 1, 1, 1, 1, 0, 0, 1, 1, 1, 1, 0, 1, 1, 
	1, 0, 1, 1, 0, 1, 1, 1, 0, 1, 0, 1, 1, 0, 1, 0, 1, 0, 1, 1, 1, 1, 1, 0, 
	1, 0, 1, 0, 0, 1, 1, 1, 1, 0, 0, 1, 0, 1, 1, 1, 1, 1, 0, 1, 0, 0, 1, 1, 
	1, 1, 1, 1, 0, 1, 1, 1, 1, 1, 1, 0, 0, 0, 1, 1, 1, 0, 0, 1, 0, 1, 0, 0, 
	1, 1, 1, 0, 1, 1, 1, 1, 1, 1, 0, 0, 0, 1, 1, 1, 0, 1, 1, 1, 1, 0, 0, 0, 
	1, 1, 1, 1, 1, 1, 1, 1, 0, 1, 0, 1, 1, 0, 0, 0, 1, 1, 1, 1, 1, 1, 1, 0, 
	1, 0, 1, 1, 1, 0, 0, 1, 0, 1, 1, 0, 0, 1, 0, 0, 0, 1, 1, 1, 1, 0, 0, 1, 
	1, 1, 0, 1, 0, 1, 1, 1, 1, 1, 1, 1, 1, 1, 1, 1, 1, 0, 0, 1, 1, 0, 0, 1, 
	0, 0, 1, 0, 0, 0, 1, 1, 1, 1, 1, 1, 1, 1, 1, 0, 0, 0, 0, 1, 0, 1, 1, 1, 
	0, 0, 1, 1, 1, 1, 1, 1, 0, 1, 0, 1, 0, 1, 1, 1, 1, 1, 1, 1, 1, 1, 1, 0, 
	1, 1, 1, 1, 0, 1, 0, 1, 0, 0, 0, 1, 1, 1, 0, 1, 1, 1, 0, 1, 0, 0, 1, 0, 
	1, 1, 1, 1, 1, 1, 0, 1, 1, 1, 1, 0, 1, 0, 0, 1, 1, 0, 1, 1, 0, 1, 0, 1, 
	0, 1, 1, 1, 0, 1, 1, 1, 0, 1, 0, 0, 0, 1, 1, 1, 0, 0, 1, 1, 1, 1, 1, 1, 
	0, 1, 1, 1, 1, 1, 1, 1, 0, 1, 1, 1, 1, 0, 1, 1, 1, 0, 0, 1, 1, 0, 1, 1, 
	1, 0, 1, 1, 1, 0, 1, 1, 1, 0, 1, 1, 1, 1, 0, 0, 1, 0, 1, 1, 0, 0, 1, 1, 
	0, 0, 1, 0, 1, 1, 1, 1, 1, 1, 0, 0, 1, 1, 0, 1, 1, 1, 1, 1, 0, 1, 0, 1, 
	1, 1, 0, 1, 0, 1, 0, 1, 1, 1, 0, 1, 1, 1, 1, 1, 1, 1, 1, 1, 0, 1, 1, 1, 
	0, 1, 1, 1, 1, 1, 1, 0, 1, 1, 1, 0, 1, 1, 0, 1, 1, 0, 1, 1, 0, 1, 0, 1, 
	1, 1, 1, 1, 0, 0, 1, 0, 1, 1, 1, 1, 1, 1, 1, 0, 1, 1, 1, 1, 0, 1, 1, 0, 
	1, 1, 1, 1, 1, 1, 0, 1, 0, 1, 0, 1, 1, 0, 0, 1, 1, 1, 0, 0, 1, 0, 1, 0, 
	1, 1, 1, 1, 1, 1, 1, 1, 0, 1, 1, 0, 1, 1, 1, 0, 1, 1, 1, 1, 1, 0, 1, 1, 
	1, 1, 0, 1, 0, 0, 1, 0, 0, 1, 0, 0, 1, 1, 1, 1, 1, 1, 1, 1, 0, 1, 0, 0, 
	1, 1, 1, 1, 0, 0, 1, 0, 1, 0, 0, 1, 0, 1, 1, 1, 1, 1, 1, 1, 1, 1, 1, 1, 
	1, 1, 1, 1, 0, 0, 0, 1, 0, 1, 1, 0, 0, 1, 1, 1, 0, 0, 1, 1, 1, 1, 0, 1, 
	0, 1, 1, 0, 1, 1, 1, 1, 1, 0, 1, 1, 1, 1, 0, 0, 1, 0, 0, 1, 0, 1, 0, 1, 
	1, 1, 1, 1, 1, 1, 1, 0, 1, 1, 0, 1, 1, 0, 1, 1, 0, 1, 1, 1, 1, 1, 1, 0, 
	0, 1, 0, 1, 1, 1, 1, 1, 1, 1, 1, 0, 1, 1, 0, 0, 1, 1, 0, 1, 0, 0, 1, 1, 
	1, 1, 1, 0, 1, 0, 1, 1, 1, 1, 0, 1, 1, 1, 1, 1, 1, 1, 1, 0, 1, 0, 0, 0, 
	1, 0, 1, 1, 1, 1, 1, 1, 1, 1, 1, 1, 1, 1, 0, 1, 1, 1, 0, 1, 0, 0, 1, 1, 
	0, 1, 1, 1, 1, 1, 1, 0, 1, 1, 1, 1, 1, 1, 1, 1, 0, 1, 1, 1, 0, 0, 1, 1, 
	1, 1, 1, 1, 0, 1, 0, 1, 1, 1, 1, 1, 0, 1, 1, 1, 1, 1, 1, 1, 1, 1, 1, 1, 
	1, 1, 0, 0, 0, 0, 0, 1, 0, 1, 1, 1, 0, 0, 1, 0, 1, 0, 0, 0, 0, 1, 1, 1, 
	1, 1, 1, 0, 1, 1, 1, 1, 1, 0, 0, 1, 1, 1, 1, 1, 1, 1, 1, 1, 1, 1, 0, 0, 
	0, 1, 0, 1, 1, 0, 1, 0, 0, 0, 1, 1, 0, 1, 1, 1, 1, 1, 1, 1, 1, 0, 0, 1, 
	0, 0, 1, 0, 0, 1, 1, 0, 1, 0, 0, 1, 0, 0, 0, 0, 0, 1, 0, 0, 1, 1, 1, 1, 
	1, 0, 1, 1, 0, 1, 1, 0, 1, 1, 0, 1, 1, 1, 1, 0, 1, 1, 0, 0, 1, 0, 1, 1, 
	1, 1, 1, 1, 1, 0, 1, 0, 1, 1, 1, 1, 1, 1, 0, 1, 0, 0, 1, 1, 1, 0, 0, 0, 
	1, 1, 0, 1, 0, 1, 1, 0, 1, 1, 1, 1, 0, 0, 0, 0, 1, 1, 1, 0, 1, 0, 1, 1, 
	0, 1, 1, 1, 1, 1, 1, 0, 1, 1, 0, 0, 1, 1, 0, 1, 1, 1, 1, 1, 1, 0, 0, 0, 
	1, 1, 0, 0, 0, 1, 1, 1, 0, 0, 1, 1, 0, 1, 1, 1, 1, 1, 0, 0, 0, 0, 1, 0, 
	0, 1, 1, 1, 1, 1, 0, 1, 0, 1, 1, 1, 0, 1, 1, 1, 1, 1, 0, 1, 1, 1, 1, 1, 
	1, 1, 1, 1, 1, 1, 1, 1, 1, 1, 0, 1, 1, 1, 0, 1, 0, 1, 1, 1, 1, 1, 1, 0, 
	1, 1, 0, 1, 1, 1, 1, 0, 1, 1, 1, 0, 0, 0, 1, 1, 0, 1, 1, 0, 1, 0, 1, 1, 
	0, 0, 1, 1, 1, 1, 0, 1, 1, 0, 1, 1, 1, 1, 0, 1, 1, 1, 1, 1, 0, 0, 0, 1, 
	1, 1, 1, 0, 1, 1, 0, 1, 1, 1, 0, 1, 1, 1, 1, 0, 0, 1, 0, 1, 0, 1, 1, 1, 
	0, 0, 1, 1, 1, 1, 1, 1, 1, 0, 1, 1, 1, 0, 0, 1, 0, 0, 0, 1, 0, 1, 1, 0, 
	1, 1, 1, 1, 0, 1, 0, 1, 1, 1, 1, 0, 1, 0, 0, 0, 1, 1, 1, 1, 1, 1, 0, 0, 
	0, 0, 1, 1, 0, 1, 1, 0, 1, 0, 1, 1, 0, 1, 0, 1, 0, 0, 0, 1, 1, 1, 0, 1, 
	1, 0, 1, 0, 1, 1, 1, 1, 0, 1, 1, 1, 0, 1, 0, 0, 0, 1, 1, 1, 0, 1, 1, 1, 
	0, 1, 0, 1, 0, 1, 1, 1, 1, 1, 1, 0, 0, 1, 0, 1, 1, 1, 1, 1, 0, 1, 1, 1, 
	0, 0, 1, 1, 1, 1, 0, 0, 0, 1, 1, 1, 0, 1, 1, 1, 1, 1, 0, 1, 1, 0, 1, 1, 
	1, 1, 1, 1, 0, 1, 0, 1, 0, 0, 1, 1, 1, 1, 1, 1, 1, 0, 1, 1, 1, 0, 1, 0, 
	0, 1, 0, 1, 1, 0, 1, 0, 1, 0, 1, 1, 1, 1, 1, 0, 0, 1, 1, 1, 0, 1, 0, 1, 
	1, 0, 1, 1, 1, 1, 0, 1, 1, 1, 0, 1, 1, 1, 0, 0, 1, 1, 1, 1, 0, 0, 1, 0, 
	1, 0, 1, 1, 0, 1, 1, 0, 1, 1, 1, 1, 1, 0, 0, 0, 1, 1, 0, 1, 0, 1, 1, 1, 
	1, 1, 1, 1, 1, 1, 1, 1, 1, 1, 1, 1, 1, 0, 0, 1, 1, 1, 1, 1, 0, 0, 1, 1, 
	1, 1, 1, 1, 0, 1, 1, 1, 1, 1, 1, 0, 1, 1, 0, 0, 1, 1, 0, 0, 1, 1, 0, 1, 
	1, 1, 1, 1, 0, 0, 0, 1, 0, 1, 1, 0, 0, 1, 0, 1, 1, 1, 1, 0, 1, 0, 1, 1, 
	0, 1, 1, 1, 0, 0, 1, 0, 0, 1, 1, 1, 1, 1, 1, 0, 1, 1, 1, 0, 1, 1, 1, 1, 
	1, 0, 0, 0, 1, 0, 1, 1, 0, 0, 0, 1, 1, 0, 1, 0, 0, 1, 1, 1, 0, 1, 1, 1, 
	1, 1, 0, 0, 1, 0, 1, 1, 1, 0, 1, 1, 0, 1, 0, 1, 1, 1, 0, 1, 1, 1, 0, 0, 
	0, 1, 1, 1, 1, 0, 1, 1, 0, 1, 1, 1, 1, 0, 1, 0, 0, 1, 1, 1, 1, 0, 1, 1, 
	1, 0, 0, 1, 0, 1, 1, 1, 1, 1, 0, 0, 1, 0, 1, 1, 1, 1, 1, 0, 1, 1, 1, 1, 
	1, 1, 0, 0, 1, 1, 0, 1, 1, 0, 0, 1, 1, 1, 0, 1, 1, 1, 0, 0, 1, 1, 1, 0, 
	1, 1, 1, 1, 0, 0, 0, 1, 0, 1, 0, 1, 1, 0, 1, 0, 1, 1, 1, 1, 1, 1, 1, 0, 
	1, 1, 1, 1, 0, 1, 1, 1, 1, 1, 1, 0, 1, 0, 0, 1, 1, 1, 1, 0, 0, 1, 0, 1, 
	1, 1, 1, 1, 1, 0, 0, 1, 1, 1, 0, 1, 0, 0, 1, 1, 0, 1, 0, 1, 1, 0, 1, 1, 
	1, 1, 0, 1, 1, 1, 1, 0, 1, 1, 1, 1, 1, 1, 1, 0, 0, 1, 0, 0, 1, 1, 0, 0, 
	1, 0, 1, 0, 1, 1, 0, 0, 1, 0, 1, 1, 1, 1, 1, 1, 0, 0, 1, 0, 1, 1, 0, 0, 
	0, 0, 1, 1, 1, 1, 1, 0, 0, 0, 1, 0, 1, 1, 1, 1, 1, 1, 0, 0, 0, 1, 1, 0, 
	0, 1, 1, 1, 0, 1, 0, 1, 1, 0, 1, 1, 1, 1, 0, 1, 1, 1, 1, 1, 0, 1, 1, 1, 
	1, 1, 0, 1, 1, 1, 1, 1, 1, 1, 1, 1, 1, 1, 1, 1, 1, 0, 1, 1, 0, 1, 1, 1, 
	0, 1, 0, 0, 0, 1, 0, 1, 0, 0, 0, 1, 1, 1, 1, 1, 1, 1, 1, 1, 0, 1, 1, 0, 
	1, 1, 1, 1, 0, 0, 1, 1, 0, 0, 1, 1, 1, 1, 1, 0, 1, 1, 1, 1, 0, 1, 0, 1, 
	1, 1, 0, 1, 1, 1, 1, 1, 1, 1, 0, 1, 0, 1, 1, 0, 1, 0, 0, 1, 1, 1, 1, 1, 
	1, 1, 1, 1, 1, 1, 1, 1, 1, 0, 1, 1, 1, 1, 1, 1, 1, 0, 1, 1, 1, 0, 0, 1, 
	1, 1, 1, 0, 0, 0, 0, 0, 0, 0, 1, 1, 1, 1, 1, 0, 0, 1, 1, 0, 1, 0, 0, 1, 
	0, 0, 1, 1, 0, 0, 1, 1, 1, 1, 1, 1, 1, 0, 0, 1, 1, 1, 1, 1, 0, 0, 0, 1, 
	1, 0, 1, 1, 0, 0, 1, 0, 1, 0, 0, 1, 1, 0, 0, 1, 1, 1, 1, 1, 1, 1, 1, 0, 
	1, 1, 0, 1, 0, 1, 1, 0, 1, 1, 1, 1, 1, 1, 1, 1, 1, 0, 1, 1, 1, 1, 0, 1, 
	0, 1, 1, 1, 1, 0, 1, 1, 1, 1, 0, 1, 0, 0, 1, 1, 1, 0, 1, 0, 1, 0, 1, 1, 
	1, 0, 1, 1, 0, 0, 0, 0, 1, 1, 0, 1, 1, 0, 1, 0, 1, 0, 1, 1, 1, 1, 1, 1, 
	0, 1, 1, 0, 1, 1, 1, 1, 0, 1, 0, 0, 1, 1, 0, 0, 1, 1, 1, 1, 0, 0, 0, 0, 
	1, 1, 1, 1, 1, 1, 1, 1, 0, 1, 1, 0, 1, 1, 1, 1, 0, 0, 0, 0, 0, 1, 1, 0, 
	1, 0, 1, 0, 1, 0, 1, 1, 1, 0, 1, 0, 1, 1, 1, 1, 0, 1, 1, 1, 0, 0, 0, 1, 
	1, 1, 0, 0, 0, 1, 1, 1, 1, 0, 1, 0, 1, 1, 1, 1, 1, 1, 1, 0, 1, 1, 0, 0, 
	1, 1, 0, 1, 1, 1, 1, 0, 1, 1, 1, 1, 1, 1, 1, 1, 0, 1, 1, 0, 1, 1, 1, 1, 
	1, 1, 1, 1, 1, 1, 1, 0, 0, 1, 0, 0, 1, 0, 1, 1, 1, 0, 1, 1, 1, 0, 1, 1, 
	1, 1, 0, 1, 1, 1, 1, 0, 1, 0, 0, 0, 1, 1, 1, 0, 0, 1, 1, 1, 1, 0, 1, 0, 
	1), educ = c(5, 6, 7, 7, 5, 6, 4, 6, 2, 1, 6, 7, 6, 5, 5, 5, 5, 5, 7, 7,
	6, 6, 6, 2, 6, 5, 4, 6, 6, 6, 5, 5, 7, 4, 6, 5, 4, 5, 7, 6, 5, 7, 6, 6, 
	5, 7, 5, 5, 7, 6, 5, 6, 2, 6, 4, 8, 1, 3, 6, 5, 4, 5, 5, 7, 5, 7, 6, 3, 
	5, 6, 5, 5, 4, 5, 6, 4, 5, 5, 2, 4, 5, 8, 4, 7, 4, 5, 6, 5, 6, 7, 7, 4, 
	5, 5, 7, 6, 5, 3, 8, 8, 5, 4, 5, 6, 4, 4, 5, 5, 7, 5, 2, 5, 3, 6, 5, 7, 
	3, 5, 5, 3, 5, 4, 4, 5, 7, 5, 5, 4, 5, 6, 7, 3, 4, 5, 7, 5, 7, 5, 5, 5, 
	6, 7, 6, 5, 2, 8, 6, 5, 5, 6, 5, 5, 5, 5, 6, 5, 7, 5, 4, 5, 5, 5, 6, 2, 
	4, 8, 5, 5, 5, 5, 6, 5, 5, 6, 5, 6, 6, 5, 6, 5, 6, 6, 6, 5, 8, 4, 2, 6, 
	5, 6, 1, 6, 7, 7, 2, 6, 7, 4, 5, 7, 5, 5, 6, 6, 6, 7, 6, 7, 6, 5, 5, 2, 
	2, 4, 4, 8, 6, 7, 5, 4, 4, 3, 6, 5, 6, 3, 5, 5, 4, 5, 5, 6, 5, 4, 6, 4, 
	3, 6, 5, 3, 3, 5, 5, 5, 7, 5, 6, 5, 5, 4, 5, 5, 5, 6, 5, 6, 2, 5, 7, 5, 
	8, 5, 6, 5, 4, 5, 5, 6, 2, 7, 6, 7, 7, 6, 8, 8, 5, 6, 6, 5, 5, 5, 6, 2, 
	6, 4, 4, 5, 7, 6, 4, 7, 4, 8, 4, 3, 6, 6, 5, 7, 6, 5, 6, 6, 6, 8, 7, 8, 
	5, 5, 4, 4, 5, 7, 5, 2, 5, 5, 5, 5, 5, 7, 6, 5, 8, 3, 1, 4, 6, 5, 5, 5, 
	5, 3, 2, 5, 5, 4, 6, 5, 6, 7, 4, 1, 8, 5, 5, 1, 7, 5, 5, 5, 4, 5, 5, 5, 
	2, 4, 7, 6, 5, 4, 5, 7, 5, 7, 4, 4, 4, 5, 6, 7, 5, 4, 8, 5, 5, 5, 6, 7, 
	6, 5, 7, 5, 5, 6, 5, 1, 5, 7, 4, 8, 7, 7, 6, 7, 5, 4, 5, 6, 5, 6, 5, 4, 
	4, 6, 5, 7, 6, 6, 4, 5, 5, 7, 6, 3, 4, 7, 6, 2, 8, 4, 5, 5, 4, 4, 6, 5, 
	4, 1, 8, 7, 5, 7, 5, 5, 5, 5, 4, 6, 3, 5, 6, 3, 2, 8, 5, 3, 5, 5, 5, 5, 
	7, 5, 3, 5, 5, 5, 5, 6, 4, 8, 5, 6, 5, 5, 6, 4, 5, 6, 4, 7, 3, 6, 4, 5, 
	5, 6, 5, 4, 6, 8, 7, 7, 6, 5, 5, 4, 7, 7, 6, 6, 2, 6, 5, 5, 5, 5, 7, 4, 
	8, 5, 6, 5, 6, 7, 7, 6, 3, 5, 6, 7, 5, 5, 5, 5, 8, 1, 7, 5, 8, 5, 7, 7, 
	5, 5, 7, 7, 6, 5, 5, 2, 5, 7, 6, 5, 6, 6, 6, 6, 4, 4, 6, 5, 5, 6, 6, 5, 
	5, 8, 5, 5, 5, 5, 7, 6, 8, 5, 6, 4, 7, 5, 5, 4, 5, 8, 7, 6, 5, 5, 6, 7, 
	6, 5, 5, 5, 5, 5, 6, 5, 4, 4, 5, 5, 5, 6, 4, 2, 4, 5, 6, 5, 5, 5, 8, 6, 
	5, 8, 8, 6, 5, 8, 3, 6, 6, 5, 5, 6, 6, 6, 5, 6, 3, 8, 6, 6, 5, 4, 5, 7, 
	5, 5, 6, 6, 5, 5, 6, 5, 2, 5, 5, 4, 4, 7, 5, 8, 3, 2, 8, 6, 1, 3, 4, 6, 
	6, 5, 5, 5, 8, 6, 6, 2, 8, 8, 3, 7, 3, 5, 5, 5, 7, 7, 6, 5, 6, 7, 8, 5, 
	5, 3, 5, 6, 5, 5, 5, 5, 3, 6, 6, 7, 3, 5, 3, 8, 5, 6, 6, 7, 5, 7, 6, 8, 
	4, 8, 4, 6, 5, 6, 6, 6, 5, 5, 4, 5, 4, 6, 4, 5, 6, 2, 5, 5, 6, 5, 5, 3, 
	5, 5, 5, 6, 6, 4, 6, 8, 5, 5, 4, 5, 6, 5, 5, 7, 5, 5, 6, 6, 6, 4, 7, 6, 
	6, 5, 4, 8, 5, 5, 5, 8, 5, 6, 5, 6, 5, 6, 2, 5, 5, 6, 3, 7, 6, 5, 6, 5, 
	4, 6, 8, 5, 5, 7, 5, 5, 8, 6, 7, 7, 4, 5, 5, 5, 4, 4, 3, 7, 5, 7, 6, 5, 
	4, 6, 5, 5, 5, 6, 1, 5, 4, 3, 6, 1, 8, 4, 6, 5, 5, 4, 7, 5, 7, 6, 5, 5, 
	5, 4, 5, 6, 6, 6, 2, 6, 5, 8, 4, 5, 8, 5, 2, 3, 6, 6, 6, 5, 5, 5, 5, 5, 
	6, 5, 7, 5, 6, 8, 8, 8, 5, 6, 4, 4, 5, 7, 5, 6, 5, 3, 7, 5, 8, 5, 5, 5, 
	1, 5, 6, 8, 4, 5, 6, 5, 5, 5, 6, 8, 5, 3, 4, 5, 5, 6, 5, 6, 4, 6, 8, 8, 
	5, 6, 7, 3, 5, 5, 6, 4, 5, 5, 6, 5, 7, 5, 2, 5, 6, 6, 3, 5, 5, 7, 6, 6, 
	2, 2, 4, 8, 3, 5, 3, 5, 8, 5, 5, 7, 4, 8, 5, 5, 6, 4, 5, 8, 5, 2, 8, 4, 
	4, 8, 3, 6, 7, 7, 7, 5, 5, 8, 7, 8, 4, 6, 5, 5, 4, 6, 8, 8, 5, 5, 5, 5, 
	5, 3, 5, 6, 4, 4, 5, 4, 8, 5, 3, 5, 7, 6, 5, 5, 6, 5, 6, 7, 7, 7, 5, 8, 
	7, 4, 5, 5, 5, 5, 8, 5, 3, 6, 5, 8, 5, 6, 5, 8, 2, 6, 6, 8, 7, 6, 6, 6, 
	5, 6, 5, 2, 5, 4, 4, 6, 5, 5, 8, 5, 5, 5, 4, 4, 3, 4, 5, 6, 6, 6, 7, 5, 
	4, 6, 5, 4, 5, 6, 5, 5, 2, 6, 7, 6, 5, 5, 5, 5, 4, 6, 8, 6, 7, 5, 5, 3, 
	5, 5, 2, 8, 5, 8, 8, 1, 7, 4, 6, 2, 8, 8, 6, 5, 6, 6, 6, 4, 5, 6, 6, 5, 
	7, 8, 7, 7, 5, 6, 5, 6, 8, 4, 1, 6, 7, 6, 7, 7, 5, 5, 6, 5, 5, 4, 3, 5, 
	3, 4, 6, 5, 8, 4, 5, 5, 3, 5, 6, 7, 5, 5, 5, 7, 5, 6, 5, 7, 7, 4, 6, 5, 
	5, 5, 6, 5, 5, 3, 4, 8, 7, 6, 3, 6, 7, 4, 6, 4, 6, 4, 6, 5, 5, 4, 5, 5, 
	2, 2, 6, 5, 3, 5, 5, 4, 5, 5, 6, 4, 4, 5, 5, 6, 6, 7, 4, 4, 5, 4, 6, 2, 
	6, 6, 5, 2, 5, 5, 8, 7, 5, 5, 5, 2, 5, 5, 5, 8, 4, 4, 5, 5, 4, 3, 7, 4, 
	6, 5, 8, 7, 5, 6, 7, 4, 5, 5, 6, 5, 5, 8, 5, 5, 7, 2, 2, 4, 1, 7, 3, 4, 
	7, 5, 6, 5, 7, 6, 4, 4, 8, 4, 7, 6, 4, 6, 5, 8, 7, 3, 7, 5, 5, 6, 5, 5, 
	7, 2, 4, 5, 6, 5, 5, 4, 6, 6, 5, 4, 8, 6, 5, 3, 5, 5, 7, 6, 5, 7, 5, 3, 
	5, 6, 5, 5, 7, 7, 8, 5, 5, 8, 6, 6, 8, 2, 6, 5, 4, 4, 5, 6, 6, 5, 5, 5, 
	5, 5, 7, 5, 5, 4, 8, 5, 4, 7, 4, 6, 6, 3, 7, 8, 5, 5, 8, 3, 6, 7, 6, 2, 
	7, 7, 2, 6, 6, 5, 5, 8, 7, 4, 6, 6, 5, 5, 8, 5, 5, 4, 6, 5, 5, 4, 5, 6, 
	6, 6, 5, 7, 5, 4, 8, 5, 3, 5, 6, 4, 7, 5, 5, 5, 5, 6, 3, 7, 7, 7, 6, 8, 
	6, 3, 6, 7, 5, 2, 4, 3, 5, 6, 4, 6, 4, 5, 5, 5, 8, 1, 4, 6, 6, 5, 6, 5, 
	2, 7, 5, 4, 6, 7, 8, 5, 7, 5, 7, 6, 3, 6, 3, 5, 5, 5, 8, 5, 7, 6, 5, 2, 
	5, 4, 6, 7, 5, 7, 5, 6, 5, 4, 6, 5, 8, 4, 3, 5, 8, 5, 6, 7, 2, 6, 6, 8, 
	6, 5, 6, 5, 6, 5, 2, 4, 5, 8, 3, 5, 7, 5, 6, 4, 8, 4, 8, 6, 6, 6, 5, 5, 
	5, 3, 6, 5, 6, 5, 3, 6, 5, 5, 4, 7, 5, 6, 5, 3, 5, 8, 5, 1, 7, 8, 5, 5, 
	6, 6, 1, 4, 4, 2, 5, 6, 6, 5, 6, 6, 5, 2, 6, 6, 5, 5, 7, 5, 5, 1, 6, 1, 
	6, 6, 5, 8, 6, 5, 5, 5, 7, 4, 4, 7, 5, 4, 5, 4, 6, 6, 5, 7, 8, 7, 5, 5, 
	4, 4, 3, 5, 5, 8, 6, 5, 5, 5, 7, 5, 2, 3, 5, 8, 4, 8, 5, 5, 5, 5, 5, 5, 
	5, 5, 6, 5, 5, 7, 6, 7, 5, 6, 5, 4, 4, 6, 2, 6, 7, 5, 4, 5, 5, 7, 2, 2, 
	7, 5, 6, 5, 7, 8, 7, 3, 5, 4, 5, 5, 4, 5, 5, 4, 4, 5, 6, 5, 5, 6, 4, 6, 
	8, 5, 7, 5, 4, 3, 1, 5, 3, 4, 5, 6, 4, 3, 5, 4, 5, 6, 3, 8, 5, 7, 6, 4, 
	8, 6, 4, 6, 7, 5, 8, 8, 3, 6, 5, 5, 3, 5, 5, 5, 8, 6, 8, 6, 7, 1, 6, 5, 
	5, 4, 5, 2, 7, 6, 1, 8, 5, 7, 5, 5, 5, 5, 7, 4, 6, 8, 2, 6, 8, 5, 6, 3, 
	5, 4, 5, 5, 1, 7, 6, 4, 7, 6, 2, 8, 5, 5, 5, 5, 2, 4, 5, 5, 6, 6, 5, 6, 
	6, 8, 4, 6, 2, 4, 8, 3, 8, 7, 6, 5, 5, 6, 5, 5, 5, 4, 5, 6, 2, 4, 3, 5, 
	5, 5, 7, 6, 6, 5, 5, 5, 5, 7, 6, 5, 8, 4, 5, 5, 5, 6, 7, 5, 5, 6, 2, 5, 
	6, 5, 5, 5, 5, 5, 8, 5, 3, 8, 5, 6, 5, 8, 3, 7, 6, 4, 5, 8, 8, 3, 3, 5, 
	7, 2, 5, 4, 7, 3, 6, 4, 6, 5, 6, 6, 4, 7, 7, 7, 6, 7, 4, 6, 5, 5, 7, 6, 
	4, 5, 6, 5, 6, 4, 7, 5, 5, 5, 5, 4, 3, 8, 5, 6, 5, 5, 5, 6, 5, 6, 6, 2, 
	5, 7, 6, 1, 4, 6, 4, 5, 6, 7, 6, 5, 5, 5, 5, 4, 6, 5, 6, 4, 6, 3, 8, 5, 
	2, 5, 6, 4, 8, 6, 6, 6, 5, 3, 8, 8, 5, 3, 5, 5, 5, 5, 8, 5, 5, 6, 5, 5, 
	5, 5, 1, 5, 4, 4, 8, 6, 6, 6, 4, 5, 3, 7, 6, 5, 5, 5, 8, 4, 4, 7, 2, 7, 
	3, 6, 5, 4, 5, 4, 7, 6, 6, 4, 5, 6, 5, 5, 8, 6, 6, 7, 3, 6, 5, 7, 6, 6, 
	5, 7, 5, 5, 3, 2, 4, 6, 5, 5, 5, 5, 5, 7, 7, 5, 5, 5, 6, 5, 5, 2, 8, 3, 
	8, 5, 4, 5, 5, 5, 5, 5, 4, 7, 6, 6, 5, 5, 5, 5, 4, 6, 7, 4, 5, 7, 5, 5, 
	7, 7, 4, 3, 5, 8, 6, 5, 5, 4, 6, 3, 7, 5, 4, 5, 5, 4, 3, 4, 6, 5, 7, 3, 
	3, 5, 5, 5, 5, 6, 5, 5, 5, 7, 5, 7, 5, 5, 4, 4, 3, 5, 7, 5, 5, 5, 5, 7, 
	5, 5, 3, 4, 4, 5, 4, 5, 5, 2, 6, 5, 7, 6, 1, 5, 5, 3, 7, 5, 5, 4, 5, 5, 
	8, 5, 6, 5, 5, 4, 6, 5, 5, 8, 5, 8, 5, 7, 2, 5, 7, 5, 3, 5, 7, 5, 4, 4, 
	5, 6, 6, 4, 7, 4, 6, 5, 5, 4, 5, 4, 6, 8, 4, 6, 6, 4, 4, 6, 4, 2, 6, 1, 
	6, 6, 5, 5, 5, 8, 5, 4, 6, 6, 6, 1, 6, 8, 6, 2, 4, 6, 5, 5, 6, 4, 5, 6, 
	5, 5, 6, 5, 6, 6, 6, 7, 4, 5, 5, 7, 7, 7, 5, 6, 4, 5, 7, 5, 5, 5, 4, 5, 
	5, 5, 5, 8, 1, 4, 6, 5, 2, 5, 5, 3, 5, 6, 1, 4, 6, 3, 4, 5, 5, 2, 7, 3, 
	4, 5, 4, 8, 5, 4, 5, 5, 7, 6, 4, 4, 8, 6, 7, 7, 5, 7, 6, 2, 5, 3, 5, 8, 
	7, 5, 6, 7, 5, 3, 5, 8, 5, 5, 5, 5, 6, 4, 5, 5, 4, 3, 7, 8, 6, 8, 5, 5, 
	4, 5, 3, 6, 6, 5, 5, 5, 7, 6, 6, 7, 5, 2, 4, 5, 3, 5, 2, 5, 4, 1, 5, 8, 
	5, 5, 4, 4, 7, 7, 7, 4, 4, 2, 5, 5, 6, 8, 4, 2, 7, 3, 7, 5, 7, 5, 5, 5, 
	5, 3, 5, 5, 2, 5, 6, 4, 3, 4, 4, 5, 7, 5, 6, 6, 6, 6, 5, 6, 7, 6, 7, 5, 
	7, 6, 3, 6, 3, 6, 5, 6, 5, 5, 7, 6, 4, 5, 6, 8, 5, 4, 5, 2, 4, 4, 5, 6, 
	7, 5, 8, 7, 7, 7, 4, 8, 6, 4, 5, 5, 6, 5, 6, 5, 5, 5, 8, 8, 5, 3, 5, 5, 
	4, 5, 4, 5, 7, 4, 5, 8, 1, 5, 6, 4, 5, 5, 5, 4, 4, 5, 4, 6, 7, 5, 5, 7, 
	5, 4, 4, 6, 5, 5, 1, 5, 4, 2, 6, 6, 6, 6, 5, 5, 5, 5, 3, 5, 5, 4, 2, 8, 
	7, 8, 6, 7, 5, 5, 3, 7, 7, 4, 7, 5, 1, 5, 6, 6, 3, 5, 5, 5, 8, 5, 5, 5, 
	7, 6, 7, 7, 2, 8, 3, 5, 7, 6, 7, 5, 5, 4, 8, 4, 5, 7, 4, 5, 5, 6, 5, 6, 
	7, 3, 6, 5, 5, 8, 5, 4, 5, 5, 6, 5, 8, 6, 5, 3, 5, 6, 5, 4, 7, 5, 5, 2, 
	5, 4, 7, 8, 8, 6, 7, 6, 3, 5, 6, 5, 6, 5, 7, 4, 5, 4, 4, 5, 7, 5, 7, 8, 
	5, 5, 7, 5, 8, 5, 4, 5, 6, 5, 5, 4, 8, 6, 5, 5, 5, 6, 4, 4, 5, 5, 5, 2, 
	8, 4, 5, 8, 3, 5, 6, 7, 5, 3, 4, 5, 6, 5, 5, 7, 7, 5, 8, 3, 6, 5, 1, 4, 
	7, 5, 6, 5, 3, 5, 8, 3, 5, 5, 5, 6, 5, 5, 5, 5, 7, 3, 7, 6, 4, 3, 6, 6, 
	3, 3, 4, 5, 5, 6, 7, 5, 8, 2, 6, 6, 2, 7, 5, 5, 7, 7, 5, 5, 6, 1, 5, 6, 
	6, 5, 5, 7, 7, 2, 6, 6, 8, 3, 5, 6, 5, 5, 4, 6, 4, 7, 8, 5, 8, 4, 7, 5, 
	4, 5, 4, 8, 6, 6, 5, 4, 6, 5, 8, 4, 5, 5, 8, 5, 5, 6, 7, 5, 8, 7, 4, 4, 
	5, 8, 5, 6, 6, 3, 7, 5, 4, 5, 2, 5, 1, 5, 8, 7, 2, 7, 5, 4, 5, 3, 5, 5, 
	6, 5, 8, 5, 5, 8, 6, 2, 5, 5, 5, 3, 6, 6, 5, 5, 6, 7, 6, 6, 5, 2, 2, 7, 
	5, 4, 6, 6, 3, 5, 6, 6, 5, 5, 5, 5, 5, 5, 5, 6, 6, 8, 8, 5, 5, 5, 3, 5, 
	6, 6, 5, 4, 8, 7, 7, 5, 5, 3, 5, 5, 2, 6, 6, 8, 5, 5, 5, 4, 8, 4, 5, 6, 
	5, 6, 5, 7, 5, 2, 5, 5, 5, 5, 2, 7, 8, 8, 6, 5, 5, 5, 5, 4, 6, 8, 8, 5, 
	6, 6, 8, 8, 3, 5, 4, 6, 6, 5, 5, 7, 4, 1, 4, 7, 6, 6, 5, 6, 6, 7, 5, 5, 
	5, 8, 5, 6, 4, 5, 5, 6, 8, 7, 5, 4, 4, 6, 7, 8, 3, 4, 3, 4, 5, 5, 6, 6, 
	5, 6, 6, 5, 5, 5, 3, 7, 5, 7, 7, 5, 3, 6, 6, 2, 3, 5, 4, 6, 2, 6, 5, 5, 
	5, 7, 4, 8, 5, 7, 3, 4, 1, 6, 6, 4, 6, 4, 5, 2, 4, 6, 5, 4, 4, 4, 5, 8, 
	5, 6, 6, 8, 5, 8, 1, 5, 6, 6, 7, 5, 3, 5, 1, 6, 8, 2, 4, 7, 6, 5, 4, 2, 
	5, 6, 6, 4, 5, 7, 5, 7, 8, 5, 5, 5, 3, 1, 6, 8, 5, 4, 4, 5, 6, 5, 6, 6, 
	5, 4, 6, 6, 6, 8, 4, 5, 6, 5, 5, 5, 5, 5, 7, 8, 4, 8, 7, 5, 8, 5, 7, 5, 
	6, 6, 4, 4, 5, 5, 6, 5, 6, 5, 4, 8, 4, 5, 5, 5, 6, 5, 5, 6, 5, 4, 5, 5, 
	7, 5, 3, 8, 5, 4, 5, 5, 5, 7, 8, 6, 5, 5, 5, 5, 8, 8, 5, 5, 7, 5, 2, 5, 
	5, 8, 4, 7, 3, 5, 7, 6, 6, 6, 5, 6, 8, 4, 6, 2, 5, 8, 7, 6, 4, 8, 3, 6, 
	5, 6, 8, 6, 5, 5, 3, 6, 4, 5, 6, 5, 6, 3, 5, 5, 5, 6, 4, 1, 6, 8, 4, 6, 
	6, 5, 5, 5), age = c(33, 34, 47, 68, 49, 35, 51, 29, 21, 68, 23, 40, 35,
	67, 69, 45, 55, 22, 25, 21, 26, 46, 31, 59, 25, 26, 41, 35, 56, 27, 30, 
	49, 36, 45, 19, 42, 64, 42, 37, 50, 45, 44, 69, 58, 25, 34, 55, 23, 24, 
	49, 23, 37, 52, 38, 18, 49, 60, 58, 21, 24, 76, 37, 18, 55, 42, 24, 35, 
	70, 76, 18, 35, 29, 26, 73, 47, 60, 23, 27, 39, 65, 51, 38, 48, 54, 26, 
	34, 21, 66, 20, 32, 27, 46, 57, 47, 32, 68, 35, 79, 32, 32, 30, 50, 52, 
	74, 67, 30, 30, 51, 22, 64, 43, 89, 77, 19, 35, 31, 53, 70, 23, 63, 43, 
	83, 53, 26, 36, 48, 40, 37, 23, 61, 30, 23, 38, 35, 36, 43, 32, 68, 24, 
	63, 20, 31, 31, 49, 54, 33, 36, 28, 22, 18, 46, 37, 65, 38, 19, 50, 24, 
	65, 65, 31, 26, 62, 19, 59, 42, 26, 39, 29, 27, 59, 48, 19, 63, 37, 23, 
	18, 62, 26, 20, 62, 28, 64, 76, 34, 47, 50, 55, 19, 38, 27, 48, 34, 44, 
	31, 66, 62, 48, 54, 56, 30, 72, 31, 34, 39, 31, 22, 42, 76, 18, 51, 20, 
	63, 61, 28, 64, 23, 33, 35, 38, 43, 46, 52, 35, 46, 57, 83, 28, 20, 38, 
	38, 36, 35, 24, 65, 56, 45, 62, 51, 62, 48, 77, 52, 36, 45, 30, 73, 47, 
	40, 59, 67, 40, 48, 34, 78, 20, 42, 49, 28, 33, 73, 80, 24, 41, 30, 23, 
	23, 63, 28, 71, 37, 28, 40, 39, 21, 40, 37, 35, 62, 20, 37, 37, 44, 28, 
	31, 65, 71, 62, 53, 38, 19, 19, 52, 62, 55, 48, 70, 52, 24, 72, 21, 26, 
	37, 21, 25, 57, 32, 65, 40, 44, 63, 59, 50, 29, 30, 36, 65, 86, 30, 46, 
	36, 71, 34, 53, 35, 27, 63, 70, 51, 41, 61, 68, 59, 38, 72, 72, 53, 23, 
	28, 25, 51, 69, 41, 65, 87, 38, 24, 65, 55, 30, 23, 21, 71, 41, 58, 68, 
	22, 58, 22, 20, 30, 33, 75, 18, 22, 36, 32, 36, 41, 50, 37, 39, 46, 38, 
	65, 59, 22, 35, 48, 22, 34, 27, 30, 52, 36, 29, 27, 20, 48, 56, 37, 62, 
	36, 58, 55, 57, 37, 67, 44, 69, 36, 36, 38, 42, 73, 29, 34, 67, 35, 43, 
	21, 70, 22, 37, 24, 33, 67, 18, 43, 46, 76, 44, 67, 37, 26, 57, 66, 51, 
	63, 57, 78, 38, 44, 32, 69, 38, 56, 27, 25, 46, 35, 72, 25, 44, 79, 20, 
	38, 35, 45, 45, 42, 54, 24, 45, 20, 68, 22, 63, 27, 43, 36, 74, 68, 39, 
	52, 26, 62, 22, 42, 26, 18, 64, 25, 44, 24, 60, 37, 63, 33, 44, 50, 33, 
	46, 22, 23, 27, 47, 73, 80, 68, 39, 19, 26, 86, 20, 45, 39, 58, 49, 28, 
	56, 70, 50, 22, 26, 55, 77, 39, 46, 45, 35, 22, 40, 28, 47, 36, 26, 29, 
	73, 75, 59, 49, 78, 24, 32, 32, 45, 37, 34, 32, 31, 50, 64, 45, 27, 36, 
	33, 62, 37, 26, 23, 39, 50, 36, 29, 45, 33, 64, 46, 60, 44, 38, 27, 25, 
	38, 23, 29, 54, 29, 62, 18, 42, 50, 41, 79, 48, 39, 87, 18, 64, 67, 37, 
	66, 24, 58, 20, 18, 26, 62, 48, 23, 56, 49, 36, 18, 25, 40, 58, 80, 36, 
	69, 35, 50, 55, 19, 30, 80, 22, 23, 31, 21, 71, 60, 92, 55, 21, 48, 59, 
	20, 34, 19, 63, 58, 83, 68, 45, 45, 20, 66, 39, 71, 44, 23, 38, 43, 54, 
	75, 31, 75, 57, 18, 37, 19, 60, 26, 24, 39, 45, 22, 33, 37, 83, 66, 30, 
	71, 55, 34, 22, 36, 50, 19, 32, 70, 32, 80, 74, 41, 74, 62, 45, 72, 25, 
	53, 23, 25, 42, 38, 35, 56, 58, 71, 52, 25, 32, 39, 51, 47, 74, 22, 20, 
	49, 79, 24, 64, 41, 35, 21, 39, 43, 43, 24, 32, 82, 69, 44, 58, 27, 27, 
	31, 56, 52, 63, 45, 26, 21, 35, 38, 23, 61, 26, 55, 53, 44, 19, 25, 59, 
	73, 21, 26, 37, 21, 34, 38, 22, 51, 58, 43, 32, 46, 23, 44, 24, 36, 32, 
	40, 20, 80, 59, 41, 65, 32, 30, 22, 36, 40, 60, 33, 35, 30, 28, 39, 36, 
	43, 46, 53, 73, 56, 34, 27, 70, 41, 24, 76, 53, 62, 24, 30, 67, 35, 52, 
	29, 31, 20, 51, 24, 28, 31, 18, 32, 50, 42, 50, 18, 67, 30, 18, 30, 44, 
	43, 47, 58, 28, 63, 24, 34, 35, 18, 34, 61, 31, 80, 31, 47, 37, 55, 21, 
	77, 64, 33, 29, 67, 61, 41, 29, 50, 30, 30, 45, 44, 51, 43, 48, 76, 33, 
	38, 31, 63, 51, 69, 43, 36, 48, 59, 35, 24, 39, 18, 50, 34, 34, 58, 25, 
	39, 55, 23, 24, 35, 76, 18, 19, 34, 61, 62, 29, 79, 25, 63, 24, 19, 39, 
	22, 72, 39, 73, 49, 52, 35, 19, 64, 21, 36, 40, 35, 27, 66, 18, 30, 48, 
	65, 58, 37, 77, 19, 30, 33, 43, 35, 27, 81, 18, 37, 20, 27, 35, 55, 47, 
	61, 30, 48, 40, 37, 28, 27, 46, 66, 39, 47, 82, 34, 78, 74, 60, 77, 30, 
	62, 21, 44, 35, 25, 42, 42, 45, 28, 23, 76, 18, 44, 35, 39, 22, 81, 37, 
	36, 18, 41, 61, 45, 55, 30, 22, 39, 44, 55, 38, 28, 26, 39, 26, 29, 25, 
	63, 40, 66, 37, 20, 28, 63, 52, 44, 26, 19, 46, 35, 44, 57, 29, 31, 69, 
	34, 51, 39, 40, 77, 56, 47, 30, 79, 26, 77, 21, 39, 31, 30, 22, 54, 56, 
	69, 59, 58, 76, 39, 39, 33, 71, 28, 42, 30, 90, 26, 20, 63, 29, 34, 77, 
	57, 59, 21, 36, 78, 37, 63, 48, 26, 54, 29, 23, 24, 55, 23, 36, 40, 66, 
	30, 19, 19, 46, 20, 26, 18, 42, 60, 40, 48, 21, 19, 43, 25, 60, 34, 55, 
	60, 37, 56, 43, 44, 54, 63, 60, 50, 36, 65, 26, 56, 18, 46, 79, 44, 62, 
	32, 42, 49, 21, 56, 19, 36, 53, 23, 32, 27, 30, 69, 52, 29, 45, 23, 27, 
	18, 35, 23, 41, 25, 52, 64, 67, 44, 29, 56, 53, 18, 41, 34, 53, 32, 58, 
	71, 52, 28, 48, 73, 33, 61, 50, 56, 28, 40, 29, 22, 24, 29, 53, 29, 25, 
	51, 40, 30, 67, 29, 37, 29, 74, 24, 33, 18, 25, 28, 22, 43, 31, 28, 50, 
	68, 46, 43, 40, 22, 65, 30, 25, 64, 19, 37, 54, 22, 51, 50, 30, 19, 43, 
	29, 69, 94, 22, 77, 77, 71, 47, 52, 49, 32, 54, 23, 55, 24, 41, 44, 53, 
	39, 67, 21, 61, 29, 67, 66, 30, 20, 56, 22, 61, 51, 46, 33, 69, 26, 70, 
	50, 51, 18, 83, 31, 19, 62, 44, 77, 33, 84, 52, 74, 51, 33, 52, 44, 21, 
	32, 52, 35, 49, 59, 21, 40, 19, 36, 62, 19, 23, 55, 79, 73, 69, 51, 60, 
	28, 35, 40, 26, 28, 36, 20, 70, 38, 37, 75, 68, 20, 74, 39, 24, 42, 21, 
	21, 52, 74, 38, 34, 18, 30, 54, 69, 63, 40, 35, 20, 35, 27, 22, 49, 66, 
	78, 42, 56, 56, 37, 57, 53, 63, 51, 64, 54, 44, 25, 30, 24, 62, 70, 48, 
	40, 49, 71, 36, 43, 22, 19, 39, 86, 35, 30, 73, 37, 18, 67, 40, 50, 59, 
	43, 70, 22, 45, 69, 37, 18, 75, 31, 83, 36, 61, 38, 25, 74, 28, 30, 40, 
	32, 30, 66, 26, 55, 30, 37, 35, 38, 86, 36, 32, 50, 27, 41, 22, 21, 37, 
	50, 45, 48, 35, 34, 63, 19, 28, 36, 49, 44, 41, 22, 45, 32, 38, 35, 22, 
	25, 31, 71, 91, 21, 59, 67, 37, 21, 30, 43, 35, 51, 45, 57, 58, 23, 27, 
	37, 33, 65, 30, 29, 26, 76, 25, 78, 35, 22, 19, 18, 62, 44, 29, 40, 36, 
	60, 39, 40, 29, 38, 25, 31, 63, 72, 69, 45, 48, 40, 46, 72, 43, 43, 37, 
	37, 72, 19, 75, 37, 20, 49, 43, 32, 53, 29, 64, 55, 21, 45, 50, 50, 37, 
	30, 57, 20, 63, 33, 58, 54, 42, 55, 73, 18, 31, 21, 18, 39, 64, 34, 51, 
	48, 18, 22, 50, 26, 26, 55, 51, 71, 38, 33, 62, 45, 29, 67, 50, 56, 43, 
	26, 35, 46, 23, 19, 55, 64, 64, 80, 26, 63, 54, 55, 69, 67, 38, 44, 35, 
	45, 53, 21, 52, 82, 44, 37, 33, 61, 25, 60, 40, 19, 21, 58, 51, 22, 21, 
	45, 43, 67, 37, 47, 40, 28, 26, 62, 24, 34, 67, 39, 62, 73, 24, 82, 66, 
	64, 24, 36, 67, 34, 66, 44, 35, 59, 32, 55, 37, 76, 45, 58, 62, 20, 20, 
	68, 23, 71, 38, 58, 27, 67, 44, 24, 64, 43, 23, 48, 57, 28, 55, 54, 30, 
	61, 72, 63, 63, 40, 89, 46, 67, 27, 70, 39, 36, 33, 25, 49, 28, 42, 41, 
	23, 77, 28, 58, 44, 70, 40, 67, 84, 30, 27, 32, 27, 56, 19, 33, 26, 66, 
	72, 26, 26, 53, 27, 36, 59, 59, 39, 29, 33, 27, 55, 48, 35, 87, 28, 71, 
	23, 59, 35, 18, 34, 24, 23, 27, 37, 56, 36, 52, 88, 82, 19, 70, 37, 63, 
	22, 49, 66, 41, 27, 24, 18, 94, 31, 54, 23, 21, 66, 55, 45, 30, 48, 31, 
	24, 72, 39, 69, 48, 24, 56, 47, 24, 34, 42, 32, 27, 70, 42, 42, 63, 28, 
	65, 43, 21, 34, 73, 40, 19, 78, 29, 56, 54, 21, 37, 21, 65, 29, 72, 28, 
	51, 71, 23, 57, 36, 25, 46, 23, 43, 43, 67, 84, 52, 28, 24, 31, 56, 83, 
	27, 69, 22, 60, 46, 77, 47, 21, 22, 35, 31, 60, 70, 56, 36, 77, 66, 56, 
	67, 32, 71, 39, 44, 60, 47, 73, 18, 59, 39, 46, 52, 18, 34, 82, 60, 75, 
	22, 18, 86, 27, 26, 39, 54, 59, 42, 28, 41, 25, 43, 64, 40, 56, 51, 37, 
	22, 23, 20, 23, 27, 84, 30, 36, 44, 21, 53, 33, 27, 59, 26, 73, 46, 50, 
	33, 21, 31, 82, 48, 51, 62, 31, 38, 35, 29, 59, 79, 36, 78, 61, 23, 65, 
	79, 23, 63, 54, 18, 39, 35, 71, 68, 31, 44, 68, 24, 54, 32, 29, 61, 21, 
	36, 21, 37, 27, 26, 54, 67, 40, 22, 68, 37, 22, 53, 46, 86, 76, 21, 29, 
	63, 43, 30, 59, 30, 21, 65, 42, 36, 64, 57, 40, 20, 48, 34, 37, 83, 37, 
	37, 43, 43, 43, 24, 32, 22, 19, 63, 34, 37, 70, 26, 66, 26, 36, 23, 38, 
	22, 68, 26, 62, 61, 34, 54, 56, 83, 44, 67, 19, 20, 61, 27, 19, 79, 37, 
	28, 60, 49, 70, 53, 73, 54, 32, 71, 36, 42, 19, 30, 71, 27, 19, 33, 31, 
	55, 43, 25, 68, 55, 26, 26, 49, 48, 43, 24, 42, 66, 38, 42, 77, 65, 58, 
	29, 29, 23, 51, 30, 70, 41, 58, 41, 54, 68, 56, 37, 51, 22, 73, 71, 51, 
	84, 25, 23, 64, 35, 32, 73, 38, 28, 27, 28, 50, 27, 23, 56, 34, 90, 31, 
	47, 48, 51, 58, 41, 46, 30, 22, 74, 61, 61, 34, 19, 27, 30, 24, 41, 49, 
	45, 29, 29, 30, 31, 59, 18, 28, 48, 49, 65, 67, 32, 63, 47, 49, 25, 74, 
	76, 69, 25, 62, 28, 42, 37, 26, 78, 40, 26, 48, 55, 81, 20, 31, 36, 55, 
	36, 45, 23, 61, 66, 36, 35, 18, 54, 77, 46, 58, 35, 26, 40, 21, 25, 44, 
	32, 28, 43, 77, 79, 23, 66, 24, 24, 45, 56, 32, 25, 22, 39, 60, 38, 26, 
	19, 25, 20, 25, 69, 30, 30, 45, 63, 30, 34, 26, 23, 54, 26, 77, 38, 71, 
	39, 70, 66, 56, 37, 33, 35, 65, 25, 35, 87, 58, 49, 34, 32, 37, 31, 27, 
	56, 18, 25, 30, 22, 18, 73, 43, 38, 43, 34, 59, 62, 42, 29, 61, 74, 49, 
	71, 19, 52, 68, 62, 61, 56, 38, 41, 18, 39, 53, 65, 74, 52, 24, 69, 57, 
	28, 34, 46, 28, 42, 60, 41, 47, 49, 28, 37, 29, 29, 20, 43, 24, 30, 36, 
	43, 21, 46, 50, 30, 39, 37, 88, 37, 61, 28, 37, 19, 29, 34, 48, 29, 29, 
	49, 48, 59, 70, 29, 21, 76, 45, 25, 59, 67, 51, 78, 31, 63, 40, 63, 35, 
	18, 27, 53, 22, 36, 20, 40, 66, 28, 57, 24, 31, 49, 30, 23, 63, 22, 39, 
	33, 26, 78, 44, 70, 19, 43, 48, 56, 64, 72, 58, 80, 18, 27, 23, 49, 46, 
	65, 36, 36, 64, 26, 40, 56, 47, 50, 51, 35, 59, 27, 26, 58, 69, 62, 55, 
	23, 40, 35, 26, 25, 21, 25, 53, 57, 59, 44, 70, 31, 67, 42, 76, 35, 27, 
	32, 73, 24, 54, 80, 35, 28, 40, 44, 22, 67, 43, 39, 66, 41, 44, 69, 22, 
	77, 38, 31, 26, 60, 18, 57, 21, 66, 60, 20, 53, 67, 31, 73, 75, 21, 67, 
	27, 27, 24, 20, 18, 22, 31, 27, 33, 50, 34, 29, 63, 78, 36, 81, 37, 44, 
	32, 55, 27, 56, 45, 34, 26, 29, 62, 27, 65, 18, 73, 42, 79, 47, 83, 87, 
	28, 43, 43, 44, 34, 51, 56, 28, 38, 25, 71, 76, 28, 18, 18, 58, 37, 25, 
	20, 37, 44, 88, 49, 67, 55, 61, 54, 20, 22, 26, 59, 26, 34, 67, 49, 38, 
	37, 65, 57, 46, 26, 77, 27, 29, 20, 41, 66, 30, 22, 26, 52, 40, 35, 66, 
	36, 70, 35, 58, 71, 79, 63, 65, 36, 35, 62, 69, 57, 33, 77, 70, 40, 71, 
	36, 29, 36, 74, 58, 31, 45, 57, 30, 23, 18, 40, 45, 68, 25, 59, 44, 80, 
	24, 30, 57, 31, 37, 50, 59, 34, 35, 35, 75, 51, 29, 78, 23, 23, 80, 31, 
	22, 58, 53, 55, 63, 18, 33, 34, 63, 75, 47, 30, 31, 34, 66, 35, 29, 63, 
	47, 36, 25, 49, 56, 58, 33, 26, 21, 50, 30, 58, 23, 71, 37, 59, 57, 38, 
	86, 45, 64, 25, 33, 29, 50, 44, 24, 60, 36, 29, 53, 23, 63, 29, 23, 29, 
	61, 58, 19, 73, 47, 83, 59, 33, 51, 79, 49, 38, 45, 56, 37, 21, 50, 40, 
	35, 67, 78, 40, 48, 73, 67, 31, 36, 68, 48, 45, 55, 37, 18, 55, 32, 50, 
	66, 18, 38, 40, 20, 19, 42, 24, 65, 33, 47, 21, 46, 33, 67, 27, 34, 91, 
	64, 30, 47, 20, 34, 70, 19, 41, 49, 39, 69, 31, 29, 27, 45, 22, 76, 25, 
	72, 47, 30, 31, 37, 24, 38, 57, 66, 54, 41, 31, 46, 26, 25, 58, 66, 86, 
	31, 74, 24, 73, 44, 63, 26, 47, 47, 36, 57, 30, 40, 21, 67, 39, 61, 45, 
	18, 47, 64, 48, 49, 84, 20, 18, 31, 49, 34, 28, 37, 33, 45, 33, 50, 67, 
	21, 36, 37, 61, 24, 36, 31, 44, 54, 34, 20, 30, 57, 22, 68, 44, 31, 46, 
	45, 32, 59, 42, 29, 78, 62, 45, 40, 47, 55, 39, 71, 59, 23, 53, 69, 55, 
	20, 81, 28, 26, 25, 55, 69, 18, 74, 20, 65, 73, 20, 34, 36, 31, 28, 36, 
	22, 34, 74, 53, 43, 23, 62, 39, 30, 49, 29, 31, 53, 46, 55, 46, 77, 70, 
	55, 74, 26, 34, 44, 63, 40, 26, 44, 45, 23, 34, 62, 21, 58, 69, 40, 29, 
	45, 39, 47, 41, 50, 40, 64, 41, 44, 55, 33, 34, 26, 22, 28, 28, 61, 59, 
	35, 60, 32, 62, 52, 52, 33, 35, 42, 37, 69, 49, 34, 71, 26, 64, 28, 21, 
	65, 35, 22, 18, 51, 61, 63, 38, 66, 22, 41, 65, 20, 36, 20, 29, 29, 43, 
	25, 18, 26, 70, 66, 76, 71, 72, 25, 33, 48, 48, 27, 56, 33, 57, 25, 22, 
	24, 31, 29, 67, 66, 50, 42, 29, 54, 40, 18, 60, 34, 24, 19, 43, 37, 19, 
	76, 33, 28, 26, 30, 59, 66, 45, 69, 35, 45, 26, 45, 27, 33, 27, 27, 49, 
	32, 80, 27, 21, 29, 32, 73, 79, 43, 20, 54, 81, 18, 41, 71, 39, 42, 55, 
	77, 28, 35, 56, 29, 20, 54, 73, 35, 39, 21, 23, 35, 42, 29, 27, 60, 96, 
	26, 21, 63, 25, 75, 24, 47, 62, 64, 34, 23, 59, 52, 91, 65, 49, 35, 64, 
	29, 74, 34, 24, 57, 55, 32, 25, 44, 84, 45, 46, 44, 23, 25, 41, 24, 62, 
	23, 66, 36, 42, 74, 37, 34, 50, 49, 46, 42, 66, 60, 52, 29, 19, 55, 74, 
	35, 66, 31, 25, 34, 20, 34, 61, 29, 24, 63, 41, 30, 63, 59, 27, 74, 73, 
	71, 31, 23, 28, 52, 42, 49, 31, 18, 72, 72, 35, 24, 21, 27, 18, 51, 48, 
	27, 23, 31, 34, 46, 26, 45, 64, 82, 47, 24, 26, 35, 24, 39, 62, 23, 61, 
	43, 29, 34, 20, 48, 23, 39, 79, 74, 67, 20, 60, 65, 59, 21, 34, 30, 70, 
	24, 24, 42, 51, 41, 78, 46, 22, 25, 30, 49, 41, 25, 48, 82, 20, 62, 60, 
	59, 27, 48, 44, 38, 57, 57, 21, 52, 26, 63, 41, 29, 67, 28, 73, 58, 53, 
	62, 30, 33, 61, 31, 19, 55, 33, 60, 38, 33, 30, 26, 26, 79, 27, 57), 
	south = c(0, 1, 0, 0, 0, 0, 0, 0, 1, 0, 0, 1, 0, 0, 0, 1, 0, 0, 1, 0, 0,
	0, 0, 0, 0, 0, 0, 1, 0, 0, 0, 0, 0, 0, 0, 1, 0, 0, 0, 1, 0, 0, 0, 0, 0, 
	0, 0, 0, 0, 0, 0, 0, 1, 0, 0, 0, 1, 0, 0, 0, 1, 0, 0, 0, 0, 0, 0, 0, 1, 
	0, 0, 0, 0, 0, 0, 0, 0, 1, 1, 0, 0, 0, 0, 1, 0, 1, 0, 0, 0, 0, 0, 1, 0, 
	0, 0, 0, 0, 0, 0, 1, 0, 0, 1, 0, 1, 1, 0, 0, 0, 0, 0, 0, 0, 0, 0, 0, 0, 
	0, 0, 0, 0, 0, 0, 0, 0, 0, 0, 0, 0, 0, 1, 0, 0, 1, 1, 0, 0, 0, 1, 1, 1, 
	0, 1, 0, 1, 0, 0, 0, 0, 1, 0, 0, 0, 0, 0, 1, 0, 0, 1, 0, 0, 0, 0, 1, 0, 
	0, 0, 1, 0, 1, 0, 0, 0, 0, 0, 0, 0, 0, 0, 0, 0, 0, 1, 0, 0, 0, 1, 0, 0, 
	0, 1, 0, 0, 0, 1, 0, 0, 1, 0, 0, 0, 1, 0, 0, 0, 0, 0, 0, 0, 0, 0, 1, 0, 
	0, 0, 0, 0, 0, 0, 1, 1, 0, 0, 0, 0, 0, 0, 0, 0, 0, 0, 0, 0, 0, 1, 0, 0, 
	0, 0, 0, 0, 0, 0, 1, 0, 0, 0, 0, 0, 0, 1, 0, 0, 0, 0, 0, 1, 0, 0, 0, 0, 
	0, 1, 0, 0, 0, 0, 0, 1, 1, 0, 0, 0, 0, 0, 0, 0, 0, 0, 0, 0, 1, 0, 0, 0, 
	0, 0, 1, 0, 1, 0, 1, 0, 0, 0, 0, 0, 0, 0, 1, 0, 1, 0, 0, 0, 1, 0, 0, 0, 
	1, 0, 0, 0, 0, 0, 0, 0, 0, 1, 0, 0, 0, 0, 0, 0, 1, 1, 1, 0, 0, 0, 0, 0, 
	0, 0, 0, 0, 1, 0, 0, 0, 0, 0, 0, 0, 0, 0, 1, 0, 0, 0, 0, 0, 0, 0, 0, 0, 
	1, 1, 1, 1, 0, 0, 0, 0, 1, 1, 0, 1, 0, 0, 0, 0, 0, 0, 1, 0, 0, 0, 0, 0, 
	0, 1, 0, 0, 0, 0, 1, 0, 1, 0, 0, 0, 0, 0, 1, 0, 1, 0, 0, 0, 1, 0, 1, 0, 
	0, 0, 1, 0, 0, 0, 1, 0, 0, 0, 0, 0, 0, 0, 0, 0, 0, 0, 0, 0, 1, 0, 0, 1, 
	0, 0, 0, 0, 0, 0, 0, 0, 0, 0, 0, 0, 0, 0, 0, 1, 1, 0, 0, 0, 1, 0, 0, 0, 
	0, 0, 1, 0, 0, 0, 0, 0, 0, 0, 0, 0, 0, 1, 0, 0, 0, 0, 0, 0, 0, 0, 0, 0, 
	0, 1, 0, 1, 0, 0, 1, 0, 0, 0, 1, 0, 1, 0, 0, 0, 0, 0, 1, 0, 0, 0, 0, 0, 
	0, 1, 0, 0, 0, 0, 1, 0, 1, 1, 0, 0, 0, 1, 0, 0, 1, 0, 0, 0, 0, 0, 0, 0, 
	1, 0, 0, 0, 0, 0, 0, 0, 0, 0, 1, 0, 0, 1, 0, 0, 0, 0, 0, 0, 0, 0, 0, 0, 
	0, 1, 0, 0, 0, 0, 0, 0, 0, 0, 0, 0, 0, 1, 0, 0, 1, 0, 0, 0, 0, 0, 0, 0, 
	0, 0, 1, 1, 0, 0, 0, 1, 0, 1, 0, 0, 0, 1, 0, 1, 0, 0, 1, 0, 0, 0, 0, 0, 
	0, 0, 0, 0, 0, 0, 0, 0, 0, 0, 0, 1, 0, 0, 0, 1, 0, 1, 1, 0, 0, 0, 1, 0, 
	0, 0, 0, 1, 1, 0, 0, 1, 0, 0, 1, 0, 0, 1, 0, 0, 1, 0, 0, 1, 0, 0, 1, 0, 
	0, 0, 0, 0, 0, 0, 0, 0, 0, 0, 1, 0, 0, 0, 1, 0, 0, 0, 1, 1, 0, 0, 0, 0, 
	0, 0, 0, 0, 0, 0, 0, 0, 1, 0, 1, 0, 0, 0, 0, 0, 0, 0, 0, 0, 1, 0, 0, 0, 
	0, 0, 1, 0, 0, 1, 0, 0, 0, 1, 0, 1, 0, 0, 0, 0, 0, 0, 0, 0, 0, 0, 0, 0, 
	0, 0, 0, 0, 0, 1, 0, 0, 0, 0, 0, 1, 0, 0, 0, 0, 0, 0, 0, 0, 1, 0, 0, 0, 
	0, 1, 0, 0, 0, 1, 1, 0, 0, 0, 0, 1, 0, 1, 0, 0, 0, 1, 0, 0, 0, 0, 0, 1, 
	0, 0, 0, 0, 0, 1, 0, 1, 1, 0, 0, 0, 0, 0, 0, 0, 0, 1, 0, 0, 0, 0, 0, 0, 
	0, 0, 1, 0, 0, 0, 0, 0, 0, 0, 1, 0, 0, 0, 0, 1, 0, 0, 1, 0, 1, 0, 0, 0, 
	0, 0, 0, 0, 0, 1, 0, 0, 0, 1, 0, 0, 0, 0, 0, 1, 1, 0, 0, 0, 1, 0, 0, 1, 
	1, 0, 1, 0, 0, 0, 0, 0, 0, 0, 0, 0, 1, 0, 0, 0, 0, 0, 0, 0, 1, 0, 1, 0, 
	0, 0, 1, 0, 0, 0, 0, 0, 0, 1, 0, 0, 0, 1, 0, 0, 0, 0, 0, 1, 0, 0, 0, 0, 
	0, 0, 0, 0, 0, 0, 1, 0, 0, 0, 0, 0, 0, 0, 0, 0, 1, 0, 0, 0, 0, 0, 0, 0, 
	0, 0, 0, 0, 0, 1, 0, 0, 0, 0, 0, 0, 1, 0, 0, 0, 0, 0, 0, 0, 1, 0, 1, 0, 
	1, 0, 0, 1, 0, 1, 0, 0, 0, 0, 0, 0, 0, 0, 0, 0, 0, 0, 1, 0, 0, 0, 1, 0, 
	0, 0, 0, 0, 0, 0, 0, 1, 0, 0, 0, 1, 0, 0, 0, 0, 0, 0, 0, 1, 0, 0, 1, 1, 
	0, 0, 0, 0, 0, 0, 0, 0, 0, 0, 0, 0, 0, 1, 0, 1, 0, 0, 0, 1, 0, 1, 0, 0, 
	0, 1, 0, 0, 0, 0, 0, 0, 0, 0, 0, 0, 0, 1, 1, 0, 0, 0, 0, 0, 0, 0, 0, 0, 
	0, 1, 0, 0, 0, 0, 0, 0, 0, 0, 1, 0, 0, 0, 1, 0, 0, 0, 0, 0, 0, 0, 0, 1, 
	0, 1, 0, 0, 1, 1, 1, 0, 0, 0, 1, 0, 0, 0, 1, 0, 0, 0, 0, 1, 1, 1, 1, 0, 
	0, 0, 0, 1, 0, 0, 0, 0, 0, 1, 0, 0, 1, 0, 0, 0, 1, 1, 0, 0, 0, 0, 0, 0, 
	1, 0, 0, 0, 0, 0, 0, 1, 1, 1, 0, 0, 0, 0, 0, 1, 0, 0, 0, 0, 0, 0, 1, 0, 
	1, 0, 0, 0, 0, 0, 0, 0, 0, 0, 0, 0, 0, 0, 0, 0, 0, 0, 0, 0, 1, 1, 0, 0, 
	1, 0, 0, 0, 1, 1, 0, 1, 1, 0, 0, 0, 0, 0, 0, 0, 0, 0, 0, 1, 1, 0, 1, 0, 
	0, 0, 1, 0, 0, 0, 0, 0, 0, 0, 1, 0, 0, 0, 0, 0, 0, 0, 0, 1, 1, 0, 1, 1, 
	0, 0, 0, 0, 0, 0, 0, 0, 0, 0, 0, 0, 0, 0, 0, 0, 0, 0, 0, 0, 0, 0, 0, 0, 
	0, 0, 1, 0, 0, 0, 1, 0, 0, 0, 0, 0, 1, 0, 0, 0, 1, 1, 1, 0, 0, 0, 1, 0, 
	0, 0, 0, 0, 0, 0, 0, 0, 0, 0, 1, 1, 1, 0, 0, 0, 0, 0, 0, 0, 1, 0, 1, 1, 
	0, 0, 0, 0, 0, 0, 0, 0, 0, 0, 0, 0, 1, 0, 0, 0, 0, 1, 0, 0, 1, 0, 0, 0, 
	0, 0, 1, 1, 0, 0, 0, 0, 0, 0, 1, 0, 0, 0, 1, 0, 0, 0, 0, 0, 0, 0, 1, 1, 
	0, 0, 0, 1, 0, 1, 0, 1, 1, 0, 0, 0, 1, 0, 1, 0, 0, 0, 0, 0, 0, 1, 0, 1, 
	0, 0, 0, 0, 0, 0, 0, 0, 1, 0, 0, 0, 0, 0, 0, 0, 1, 0, 0, 1, 0, 0, 0, 0, 
	0, 0, 0, 0, 0, 0, 0, 0, 0, 1, 0, 0, 1, 0, 0, 1, 0, 0, 0, 0, 1, 0, 0, 0, 
	1, 0, 0, 0, 0, 0, 1, 0, 0, 0, 0, 0, 0, 0, 0, 0, 1, 0, 0, 0, 0, 0, 1, 0, 
	0, 0, 0, 0, 1, 0, 0, 0, 1, 0, 0, 0, 0, 0, 1, 0, 0, 0, 0, 1, 0, 0, 0, 0, 
	1, 0, 1, 0, 0, 0, 0, 0, 0, 0, 1, 0, 1, 0, 0, 0, 0, 0, 1, 0, 0, 1, 0, 1, 
	0, 0, 0, 0, 1, 0, 0, 1, 0, 1, 0, 1, 0, 0, 1, 1, 0, 0, 0, 0, 0, 0, 0, 0, 
	0, 1, 1, 0, 1, 0, 0, 0, 1, 1, 1, 0, 0, 1, 1, 0, 0, 0, 0, 0, 0, 0, 0, 0, 
	0, 0, 1, 1, 0, 1, 0, 0, 0, 1, 0, 0, 0, 0, 0, 0, 0, 0, 0, 0, 0, 0, 0, 0, 
	1, 0, 0, 0, 1, 0, 0, 1, 0, 0, 0, 0, 1, 0, 0, 1, 0, 0, 0, 0, 0, 0, 1, 0, 
	0, 0, 0, 0, 0, 0, 0, 0, 1, 0, 1, 0, 0, 1, 0, 1, 0, 0, 0, 0, 0, 0, 0, 1, 
	0, 0, 0, 0, 1, 0, 0, 0, 0, 0, 0, 0, 0, 0, 0, 0, 0, 0, 0, 1, 0, 0, 0, 0, 
	1, 1, 0, 0, 0, 0, 0, 1, 0, 0, 0, 0, 0, 1, 0, 0, 0, 0, 0, 0, 0, 0, 1, 0, 
	0, 1, 0, 1, 1, 0, 0, 0, 0, 0, 0, 1, 0, 0, 0, 0, 0, 1, 0, 0, 0, 0, 0, 1, 
	0, 0, 0, 0, 0, 0, 0, 0, 1, 0, 0, 0, 0, 0, 0, 0, 0, 0, 0, 0, 0, 0, 0, 0, 
	1, 1, 1, 0, 0, 0, 0, 0, 0, 0, 0, 0, 0, 0, 0, 0, 0, 0, 0, 0, 0, 0, 0, 0, 
	0, 0, 0, 1, 0, 0, 0, 0, 0, 0, 0, 1, 1, 1, 1, 0, 0, 1, 0, 0, 0, 0, 0, 0, 
	0, 0, 0, 0, 0, 0, 0, 1, 0, 0, 0, 0, 0, 0, 0, 0, 0, 0, 1, 0, 0, 1, 0, 0, 
	0, 0, 0, 0, 0, 0, 0, 0, 0, 0, 0, 0, 0, 0, 0, 0, 0, 1, 0, 1, 0, 0, 1, 0, 
	0, 0, 0, 0, 0, 0, 1, 0, 0, 0, 0, 0, 0, 0, 1, 0, 0, 0, 0, 0, 0, 0, 0, 0, 
	1, 0, 0, 1, 1, 0, 0, 0, 1, 0, 0, 1, 0, 0, 0, 0, 1, 0, 0, 0, 0, 0, 1, 0, 
	0, 0, 1, 0, 0, 0, 0, 1, 0, 0, 1, 0, 0, 0, 0, 0, 0, 0, 0, 0, 0, 0, 0, 1, 
	0, 0, 0, 0, 0, 0, 0, 0, 1, 0, 1, 0, 0, 0, 0, 0, 0, 0, 0, 1, 0, 0, 1, 0, 
	0, 1, 0, 0, 0, 0, 0, 1, 1, 1, 0, 1, 1, 0, 0, 0, 0, 0, 0, 0, 0, 1, 0, 1, 
	0, 1, 1, 0, 0, 0, 0, 0, 0, 1, 0, 0, 1, 0, 0, 0, 0, 0, 0, 1, 1, 0, 0, 0, 
	0, 0, 0, 0, 1, 0, 0, 0, 1, 0, 0, 0, 0, 0, 1, 0, 0, 1, 0, 1, 0, 0, 1, 0, 
	0, 0, 0, 0, 0, 1, 1, 0, 0, 0, 0, 0, 0, 0, 0, 0, 0, 0, 0, 1, 0, 0, 0, 1, 
	1, 1, 0, 0, 0, 0, 0, 0, 0, 0, 0, 0, 0, 0, 0, 0, 0, 1, 0, 0, 0, 1, 0, 0, 
	0, 1, 0, 0, 0, 0, 0, 0, 1, 1, 0, 0, 1, 0, 0, 1, 1, 0, 0, 0, 0, 0, 0, 1, 
	0, 0, 0, 0, 0, 0, 0, 1, 0, 0, 0, 1, 0, 0, 1, 0, 1, 0, 0, 0, 0, 0, 0, 0, 
	0, 0, 0, 0, 0, 0, 0, 0, 0, 1, 0, 0, 0, 1, 0, 0, 0, 1, 1, 0, 0, 0, 0, 0, 
	0, 0, 0, 0, 1, 0, 0, 0, 0, 0, 1, 0, 0, 1, 0, 0, 0, 0, 0, 1, 1, 0, 0, 0, 
	1, 0, 0, 0, 0, 1, 1, 0, 0, 0, 0, 0, 0, 0, 1, 1, 0, 0, 1, 0, 0, 0, 1, 0, 
	0, 0, 0, 0, 1, 1, 1, 0, 0, 0, 0, 0, 0, 0, 0, 0, 0, 0, 1, 0, 1, 1, 1, 0, 
	0, 1, 0, 0, 0, 1, 0, 0, 0, 0, 0, 0, 0, 1, 0, 0, 0, 0, 0, 0, 0, 0, 0, 0, 
	0, 0, 0, 1, 1, 1, 0, 0, 0, 0, 0, 0, 0, 0, 0, 0, 0, 0, 0, 0, 0, 0, 0, 0, 
	0, 1, 0, 0, 0, 0, 0, 0, 0, 0, 0, 0, 1, 0, 1, 0, 1, 0, 0, 1, 1, 0, 1, 0, 
	0, 0, 0, 0, 0, 1, 0, 0, 1, 0, 1, 0, 0, 0, 0, 0, 0, 1, 0, 0, 0, 1, 0, 1, 
	1, 0, 0, 1, 0, 0, 1, 0, 0, 0, 1, 1, 0, 1, 0, 0, 1, 0, 0, 0, 0, 0, 0, 1, 
	0, 0, 1, 0, 1, 0, 1, 0, 0, 0, 0, 0, 0, 0, 0, 1, 0, 0, 0, 0, 0, 0, 0, 0, 
	0, 0, 0, 0, 1, 0, 0, 0, 0, 0, 0, 1, 0, 1, 1, 1, 0, 0, 0, 1, 0, 0, 1, 0, 
	0, 0, 0, 0, 0, 1, 1, 0, 0, 0, 0, 0, 0, 0, 1, 1, 1, 1, 0, 0, 0, 1, 0, 0, 
	0, 0, 0, 1, 0, 1, 0, 1, 0, 0, 0, 0, 0, 0, 0, 1, 0, 0, 1, 0, 0, 0, 0, 0, 
	0, 1, 1, 0, 0, 0, 1, 1, 1, 0, 1, 0, 0, 0, 0, 0, 0, 0, 0, 0, 1, 1, 0, 1, 
	0, 0, 0, 1, 0, 1, 0, 1, 0, 0, 0, 0, 0, 1, 0, 0, 0, 0, 0, 0, 1, 1, 0, 0, 
	1, 0, 1, 0, 0, 0, 0, 0, 0, 0, 0, 0, 1, 0, 0, 0, 0, 0, 0, 0, 0, 0, 0, 0, 
	0, 1, 0, 0, 1, 0, 1, 1, 0, 0, 0, 0, 0, 0, 1, 0, 1, 0, 0, 0, 1, 0, 1, 0, 
	1, 0, 0, 1, 0, 1, 0, 1, 0, 0, 1, 1, 0, 0, 0, 0, 1, 1, 0, 0, 0, 0, 0, 0, 
	1, 0, 0, 0, 0, 0, 0, 0, 0, 1, 0, 0, 0, 0, 0, 0, 0, 1, 0, 0, 0, 0, 0, 0, 
	0, 0, 0, 0, 0, 1, 0, 0, 0, 0, 0, 1, 0, 1, 0, 0, 1, 0, 1, 0, 0, 1, 0, 1, 
	0, 0, 0, 1, 0, 0, 0, 0, 1, 0, 0, 0, 0, 1, 0, 0, 1, 1, 1, 1, 0, 0, 0, 0, 
	0, 1, 0, 0, 0, 0, 1, 0, 0, 0, 0, 1, 0, 0, 0, 1, 0, 0, 0, 0, 1, 0, 0, 0, 
	0, 0, 0, 0, 1, 0, 1, 0, 0, 0, 1, 0, 1, 0, 0, 0, 0, 0, 1, 0, 0, 1, 0, 1, 
	1, 0, 0, 0, 1, 0, 0, 0, 0, 1, 0, 1, 0, 1, 0, 1, 0, 1, 0, 0, 0, 0, 0, 0, 
	0, 0, 0, 1, 0, 0, 1, 0, 1, 0, 0, 1, 0, 0, 1, 1, 0, 0, 0, 1, 0, 0, 0, 1, 
	0, 0, 0, 0, 0, 0, 0, 0, 0, 1, 0, 0, 1, 0, 0, 0, 0, 0, 0, 0, 0, 1, 1, 0, 
	1, 0, 1, 0, 0, 0, 0, 0, 0, 0, 1, 0, 0, 0, 0, 0, 0, 0, 0, 0, 0, 0, 0, 0, 
	0, 1, 0, 0, 0, 0, 0, 1, 0, 0, 1, 0, 0, 1, 0, 0, 1, 1, 0, 0, 1, 0, 1, 0, 
	0, 0, 1, 0, 1, 1, 1, 1, 0, 0, 0, 0, 0, 0, 0, 1, 0, 0, 0, 0, 0, 0, 0, 0, 
	0, 0, 1, 0, 0, 1, 0, 1, 0, 0, 1, 1, 0, 0, 0, 0, 0, 1, 0, 0, 0, 0, 1, 0, 
	0, 0, 0, 0, 0, 0, 1, 0, 0, 0, 0, 0, 1, 0, 1, 0, 0, 0, 1, 0, 0, 0, 0, 0, 
	0, 0, 0, 0, 1, 0, 0, 1, 0, 0, 1, 0, 0, 0, 1, 0, 0, 0, 0, 0, 0, 0, 1, 0, 
	1, 0, 0, 0, 0, 0, 1, 1, 0, 0, 0, 0, 1, 0, 0, 0, 0, 0, 0, 1, 0, 0, 0, 0, 
	0, 0, 1, 0, 0, 0, 0, 0, 0, 0, 0, 1, 0, 1, 1, 0, 1, 0, 0, 0, 0, 1, 1, 0, 
	1, 0, 1, 0, 1, 0, 0, 0, 0, 0, 1, 0, 0, 1, 0, 0, 0, 1, 0, 0, 0, 0, 0, 0, 
	0, 0, 1, 0, 0, 0, 0, 0, 0, 0, 0, 0, 0, 0, 0, 0, 0, 0, 1, 0, 0, 0, 0, 1, 
	1, 1, 0, 0, 0, 0, 0, 0, 0, 0, 0, 0, 0, 1, 0, 0, 1, 0, 0, 0, 1, 0, 0, 0, 
	0, 0, 0, 0, 0, 0, 0, 0, 0, 0, 0, 0, 0, 0, 1, 0, 0, 0, 0, 0, 0, 0, 0, 0, 
	1, 0, 1, 0, 0, 1, 0, 0, 1, 0, 0, 1, 0, 0, 0, 0, 0, 1, 0, 1, 1, 0, 0, 0, 
	0, 0, 1, 0, 0, 0, 0, 0, 0, 0, 0, 0, 0, 0, 0, 0, 0, 1, 0, 0, 0, 1, 0, 0, 
	0, 0, 0), govelec = c(0, 1, 0, 0, 0, 0, 1, 0, 0, 1, 0, 0, 0, 1, 0, 0, 1,
	0, 0, 0, 1, 0, 0, 1, 0, 0, 0, 0, 0, 1, 0, 0, 0, 1, 0, 0, 0, 0, 0, 1, 0, 
	1, 0, 1, 0, 0, 0, 0, 0, 0, 1, 0, 0, 0, 0, 0, 0, 0, 0, 0, 0, 1, 0, 1, 0, 
	0, 0, 1, 0, 1, 0, 0, 0, 0, 0, 0, 0, 0, 0, 1, 0, 0, 0, 0, 0, 0, 0, 0, 0, 
	0, 0, 0, 0, 0, 1, 0, 1, 0, 1, 1, 0, 0, 1, 0, 0, 0, 0, 0, 0, 0, 0, 0, 0, 
	1, 1, 0, 0, 1, 0, 0, 0, 0, 0, 0, 0, 0, 0, 0, 0, 0, 0, 0, 0, 0, 0, 0, 0, 
	0, 0, 0, 0, 0, 1, 0, 0, 0, 0, 0, 0, 1, 0, 0, 0, 0, 0, 0, 0, 0, 0, 0, 0, 
	1, 0, 0, 0, 0, 0, 0, 0, 0, 0, 0, 0, 0, 0, 0, 0, 0, 0, 0, 0, 0, 1, 0, 0, 
	0, 0, 1, 0, 0, 0, 0, 0, 0, 0, 0, 0, 0, 0, 0, 0, 0, 0, 0, 0, 0, 1, 0, 0, 
	0, 0, 0, 0, 1, 0, 1, 0, 0, 0, 0, 1, 0, 1, 0, 0, 0, 0, 0, 0, 0, 0, 0, 0, 
	0, 0, 1, 1, 1, 1, 0, 0, 1, 0, 0, 0, 0, 0, 1, 0, 0, 1, 0, 0, 1, 0, 0, 0, 
	0, 0, 0, 0, 0, 0, 0, 1, 0, 1, 0, 0, 1, 0, 0, 0, 0, 0, 0, 0, 0, 0, 0, 0, 
	0, 0, 0, 0, 0, 0, 0, 0, 0, 0, 0, 0, 0, 0, 1, 0, 0, 1, 0, 1, 0, 0, 1, 0, 
	1, 1, 0, 0, 0, 0, 0, 1, 0, 0, 1, 0, 0, 0, 0, 0, 0, 0, 0, 0, 0, 0, 1, 0, 
	0, 0, 0, 1, 1, 1, 0, 1, 0, 0, 0, 0, 0, 0, 0, 1, 0, 0, 1, 0, 0, 0, 0, 0, 
	0, 1, 0, 0, 0, 0, 0, 1, 0, 0, 0, 0, 0, 0, 0, 0, 0, 0, 0, 1, 0, 0, 0, 1, 
	0, 0, 0, 0, 0, 1, 0, 0, 0, 0, 0, 0, 0, 0, 0, 1, 1, 1, 0, 1, 1, 0, 1, 0, 
	0, 0, 0, 0, 1, 0, 1, 0, 0, 0, 0, 0, 0, 1, 0, 0, 0, 0, 0, 0, 0, 0, 0, 0, 
	0, 1, 0, 0, 0, 0, 0, 0, 0, 0, 0, 0, 0, 0, 0, 1, 1, 1, 0, 0, 0, 1, 0, 0, 
	0, 0, 1, 0, 1, 0, 1, 0, 0, 0, 1, 0, 0, 0, 0, 0, 0, 0, 0, 0, 0, 0, 0, 1, 
	1, 0, 0, 0, 0, 1, 1, 1, 0, 0, 0, 0, 0, 0, 0, 0, 0, 1, 0, 0, 0, 0, 0, 1, 
	0, 0, 0, 0, 1, 0, 0, 0, 0, 0, 0, 0, 0, 0, 0, 0, 0, 0, 0, 0, 0, 0, 0, 0, 
	0, 0, 1, 0, 0, 0, 0, 0, 0, 0, 0, 0, 1, 0, 0, 1, 0, 1, 1, 1, 0, 0, 0, 0, 
	0, 0, 0, 0, 0, 0, 0, 0, 0, 1, 0, 0, 0, 0, 0, 0, 0, 1, 0, 0, 0, 0, 1, 1, 
	0, 0, 0, 0, 0, 0, 0, 0, 0, 0, 0, 0, 0, 1, 0, 0, 0, 0, 0, 0, 1, 1, 0, 0, 
	0, 0, 0, 0, 0, 1, 0, 0, 0, 1, 1, 0, 0, 0, 1, 0, 0, 1, 1, 0, 0, 1, 1, 0, 
	1, 0, 0, 0, 0, 1, 0, 0, 0, 0, 0, 0, 0, 1, 0, 0, 0, 0, 0, 0, 0, 0, 0, 0, 
	1, 0, 0, 0, 0, 0, 0, 0, 0, 0, 0, 0, 0, 0, 0, 0, 0, 0, 0, 1, 0, 0, 0, 0, 
	0, 0, 1, 0, 0, 0, 0, 0, 0, 0, 0, 0, 0, 0, 0, 1, 0, 0, 1, 1, 0, 0, 0, 0, 
	0, 0, 1, 0, 0, 0, 0, 0, 0, 0, 0, 1, 0, 0, 0, 0, 0, 0, 0, 0, 0, 0, 0, 0, 
	0, 0, 0, 0, 0, 0, 0, 1, 0, 0, 1, 0, 1, 0, 0, 0, 0, 0, 1, 0, 0, 0, 0, 0, 
	0, 0, 0, 0, 0, 0, 0, 0, 0, 0, 0, 0, 0, 0, 0, 0, 0, 1, 1, 0, 0, 1, 0, 0, 
	0, 0, 0, 0, 0, 0, 0, 0, 0, 0, 0, 0, 1, 0, 0, 0, 0, 0, 1, 0, 0, 0, 0, 1, 
	1, 0, 0, 0, 0, 0, 0, 1, 0, 0, 1, 0, 1, 0, 0, 1, 0, 0, 0, 0, 0, 0, 1, 1, 
	0, 0, 0, 0, 0, 0, 0, 0, 1, 0, 0, 0, 0, 0, 0, 0, 0, 0, 0, 0, 0, 0, 1, 0, 
	1, 0, 1, 0, 0, 0, 0, 0, 0, 0, 0, 1, 1, 0, 1, 0, 0, 1, 0, 0, 0, 0, 0, 1, 
	0, 1, 0, 0, 0, 0, 0, 0, 0, 0, 0, 0, 0, 0, 1, 0, 0, 1, 1, 0, 1, 0, 1, 0, 
	0, 1, 0, 0, 1, 1, 0, 0, 0, 0, 0, 0, 0, 0, 1, 0, 1, 1, 0, 0, 0, 0, 1, 0, 
	0, 0, 0, 1, 0, 1, 0, 0, 0, 0, 0, 0, 0, 0, 0, 1, 0, 0, 0, 0, 0, 1, 0, 0, 
	0, 0, 0, 1, 0, 0, 1, 0, 1, 0, 0, 0, 0, 0, 0, 0, 0, 0, 0, 0, 0, 0, 0, 0, 
	1, 0, 0, 1, 0, 0, 0, 0, 0, 0, 0, 0, 1, 0, 0, 1, 0, 0, 0, 0, 0, 0, 0, 0, 
	0, 0, 0, 0, 0, 0, 1, 0, 0, 0, 0, 0, 0, 0, 1, 1, 1, 0, 0, 0, 0, 0, 0, 0, 
	0, 1, 0, 0, 1, 0, 0, 0, 0, 0, 0, 0, 0, 0, 0, 0, 0, 0, 0, 1, 0, 0, 0, 1, 
	1, 0, 0, 0, 0, 0, 0, 0, 1, 0, 0, 0, 0, 0, 0, 0, 0, 0, 0, 0, 0, 0, 1, 0, 
	0, 0, 1, 0, 1, 0, 0, 0, 0, 0, 1, 0, 0, 0, 0, 0, 0, 0, 0, 0, 1, 0, 0, 0, 
	1, 0, 0, 1, 1, 0, 0, 1, 0, 0, 0, 0, 0, 0, 0, 0, 0, 1, 0, 0, 0, 0, 0, 0, 
	0, 1, 0, 1, 0, 1, 0, 0, 1, 1, 0, 0, 0, 0, 0, 1, 0, 0, 1, 0, 0, 0, 0, 0, 
	1, 1, 0, 0, 0, 0, 0, 0, 1, 0, 0, 0, 0, 0, 0, 0, 0, 0, 0, 0, 0, 0, 0, 0, 
	0, 0, 0, 1, 0, 0, 0, 0, 0, 0, 1, 0, 0, 0, 0, 1, 0, 1, 0, 1, 0, 0, 0, 0, 
	0, 0, 0, 0, 0, 0, 1, 1, 1, 0, 0, 0, 0, 0, 0, 0, 1, 0, 0, 1, 0, 1, 0, 0, 
	0, 0, 0, 0, 0, 0, 0, 0, 0, 0, 0, 0, 0, 1, 0, 0, 0, 1, 1, 0, 1, 1, 0, 0, 
	1, 0, 1, 0, 0, 0, 0, 0, 0, 0, 0, 1, 0, 0, 1, 0, 0, 0, 0, 1, 0, 0, 0, 0, 
	0, 0, 0, 0, 1, 0, 0, 0, 0, 0, 1, 1, 0, 0, 0, 0, 0, 0, 0, 0, 0, 0, 0, 0, 
	0, 0, 1, 1, 1, 0, 0, 0, 0, 0, 0, 1, 0, 0, 0, 0, 1, 0, 1, 0, 0, 0, 0, 0, 
	0, 0, 1, 0, 0, 0, 0, 1, 0, 1, 0, 0, 0, 0, 0, 0, 0, 0, 0, 0, 1, 0, 0, 0, 
	0, 0, 0, 0, 0, 0, 0, 0, 0, 0, 1, 0, 0, 1, 0, 0, 0, 0, 0, 0, 0, 0, 0, 0, 
	0, 0, 0, 0, 0, 0, 0, 0, 0, 0, 0, 0, 0, 0, 0, 1, 0, 0, 0, 1, 0, 0, 0, 1, 
	0, 0, 0, 0, 0, 1, 0, 0, 0, 1, 1, 0, 0, 0, 0, 1, 0, 0, 0, 0, 1, 0, 0, 0, 
	0, 0, 1, 0, 0, 0, 0, 0, 0, 0, 0, 0, 0, 0, 0, 0, 0, 0, 0, 0, 0, 0, 1, 0, 
	0, 0, 0, 0, 0, 0, 0, 1, 0, 0, 0, 0, 0, 0, 0, 0, 0, 0, 0, 0, 1, 1, 0, 1, 
	1, 0, 0, 1, 0, 0, 1, 0, 0, 0, 0, 0, 1, 0, 0, 1, 0, 0, 0, 0, 0, 0, 0, 0, 
	0, 1, 0, 0, 0, 0, 0, 0, 0, 0, 0, 0, 0, 0, 0, 0, 0, 0, 0, 0, 0, 0, 0, 0, 
	0, 1, 1, 0, 0, 0, 1, 0, 0, 1, 0, 1, 0, 1, 0, 0, 0, 1, 0, 0, 0, 0, 0, 0, 
	0, 0, 0, 0, 0, 0, 0, 0, 0, 0, 0, 0, 1, 0, 0, 0, 1, 0, 0, 0, 0, 0, 0, 0, 
	0, 1, 0, 0, 0, 0, 0, 0, 0, 0, 1, 0, 0, 1, 0, 0, 1, 0, 1, 0, 1, 1, 1, 1, 
	0, 0, 0, 0, 0, 0, 0, 0, 0, 0, 0, 0, 0, 0, 0, 0, 0, 0, 0, 0, 0, 1, 0, 0, 
	0, 0, 1, 0, 0, 0, 1, 0, 0, 0, 1, 0, 0, 0, 1, 0, 1, 0, 0, 0, 0, 0, 0, 0, 
	0, 0, 0, 0, 0, 0, 0, 0, 1, 0, 0, 0, 0, 1, 0, 1, 1, 1, 0, 0, 0, 0, 0, 0, 
	0, 0, 0, 0, 0, 0, 0, 0, 0, 1, 0, 0, 0, 0, 1, 0, 0, 1, 1, 0, 0, 0, 0, 0, 
	0, 0, 0, 0, 0, 1, 0, 0, 0, 1, 0, 0, 0, 0, 0, 0, 0, 0, 0, 0, 0, 0, 0, 0, 
	1, 0, 1, 0, 0, 0, 1, 1, 0, 0, 0, 0, 0, 0, 0, 0, 0, 0, 0, 0, 0, 0, 0, 1, 
	0, 0, 0, 1, 0, 1, 1, 0, 0, 0, 1, 0, 1, 0, 0, 0, 1, 1, 0, 0, 0, 1, 0, 0, 
	0, 0, 0, 0, 0, 0, 0, 0, 0, 1, 1, 0, 0, 0, 0, 0, 1, 0, 1, 0, 0, 0, 1, 0, 
	0, 0, 1, 0, 0, 0, 0, 0, 0, 1, 0, 0, 0, 0, 0, 0, 0, 0, 0, 0, 0, 0, 0, 0, 
	0, 1, 0, 0, 0, 0, 1, 0, 0, 0, 0, 0, 0, 0, 1, 1, 0, 0, 1, 1, 1, 0, 0, 1, 
	0, 0, 0, 0, 0, 0, 0, 0, 0, 0, 0, 0, 0, 0, 0, 0, 0, 0, 0, 0, 0, 0, 0, 1, 
	0, 0, 0, 1, 1, 0, 0, 0, 0, 0, 0, 0, 0, 0, 1, 0, 0, 0, 1, 0, 0, 0, 0, 0, 
	1, 0, 0, 0, 0, 0, 0, 0, 0, 1, 0, 0, 0, 0, 0, 0, 1, 0, 1, 0, 0, 0, 1, 0, 
	0, 0, 0, 0, 1, 0, 0, 0, 0, 0, 1, 1, 0, 1, 1, 0, 0, 0, 0, 0, 0, 1, 0, 0, 
	0, 0, 1, 0, 0, 0, 0, 0, 0, 0, 1, 1, 0, 0, 0, 0, 1, 0, 0, 0, 0, 0, 0, 1, 
	0, 0, 0, 0, 0, 0, 0, 0, 0, 0, 0, 0, 0, 1, 0, 0, 0, 0, 0, 0, 0, 0, 0, 0, 
	0, 0, 0, 1, 0, 0, 0, 0, 0, 0, 0, 0, 0, 0, 0, 1, 1, 1, 0, 0, 0, 0, 0, 0, 
	0, 0, 0, 1, 1, 0, 1, 0, 1, 0, 0, 0, 0, 0, 0, 0, 0, 0, 0, 0, 1, 1, 0, 0, 
	0, 0, 0, 1, 0, 0, 0, 1, 1, 1, 0, 0, 0, 0, 0, 0, 0, 0, 0, 1, 0, 0, 0, 0, 
	0, 1, 1, 0, 0, 0, 0, 0, 0, 1, 1, 0, 0, 0, 0, 0, 1, 0, 1, 0, 0, 1, 1, 1, 
	1, 0, 0, 0, 0, 0, 0, 0, 0, 0, 0, 0, 0, 0, 0, 0, 0, 0, 0, 0, 0, 0, 0, 0, 
	0, 0, 0, 0, 0, 0, 0, 0, 0, 0, 0, 1, 0, 0, 0, 0, 0, 1, 0, 1, 1, 0, 0, 0, 
	0, 1, 0, 0, 1, 0, 0, 1, 0, 0, 0, 0, 0, 0, 0, 0, 0, 0, 0, 0, 0, 1, 1, 0, 
	0, 1, 0, 0, 0, 0, 0, 0, 0, 0, 0, 0, 1, 0, 0, 0, 0, 1, 1, 0, 0, 1, 1, 0, 
	0, 1, 1, 0, 0, 0, 0, 1, 0, 0, 0, 0, 0, 0, 1, 0, 0, 1, 0, 0, 0, 0, 0, 1, 
	1, 0, 1, 0, 0, 0, 0, 0, 0, 0, 0, 0, 0, 0, 1, 0, 0, 0, 0, 0, 0, 0, 1, 0, 
	0, 0, 0, 0, 0, 0, 0, 0, 1, 1, 1, 0, 0, 0, 0, 0, 0, 0, 0, 0, 0, 0, 0, 0, 
	1, 0, 0, 0, 0, 1, 0, 0, 1, 0, 0, 0, 0, 0, 0, 0, 0, 1, 0, 1, 0, 1, 0, 0, 
	0, 0, 0, 0, 0, 0, 0, 0, 0, 0, 0, 0, 0, 1, 0, 0, 0, 0, 1, 0, 0, 0, 0, 1, 
	1, 0, 0, 0, 0, 0, 0, 0, 1, 0, 0, 0, 0, 0, 0, 0, 0, 0, 0, 0, 1, 0, 0, 1, 
	0, 0, 0, 0, 0, 0, 0, 0, 0, 0, 0, 1, 0, 1, 0, 0, 0, 0, 0, 0, 0, 0, 1, 0, 
	0, 0, 0, 0, 1, 0, 0, 1, 0, 1, 0, 0, 0, 0, 0, 0, 0, 0, 0, 0, 0, 0, 0, 0, 
	0, 0, 0, 0, 0, 0, 0, 0, 0, 0, 0, 0, 0, 0, 0, 0, 0, 1, 0, 0, 1, 1, 0, 1, 
	0, 0, 0, 0, 0, 0, 0, 1, 0, 0, 0, 0, 0, 0, 0, 0, 1, 0, 0, 0, 0, 1, 0, 1, 
	1, 0, 0, 0, 0, 0, 0, 0, 0, 0, 0, 0, 0, 0, 0, 0, 0, 0, 0, 0, 1, 0, 0, 0, 
	1, 0, 0, 1, 0, 1, 1, 0, 1, 0, 0, 0, 1, 0, 0, 1, 0, 0, 1, 0, 0, 0, 0, 0, 
	0, 0, 0, 1, 0, 0, 0, 0, 0, 0, 0, 0, 1, 0, 0, 0, 0, 0, 1, 1, 0, 0, 0, 0, 
	0, 0, 0, 0, 0, 0, 0, 0, 0, 0, 0, 0, 0, 0, 0, 1, 1, 0, 0, 0, 0, 0, 0, 0, 
	0, 0, 1, 0, 1, 1, 1, 0, 0, 1, 1, 0, 0, 0, 0, 0, 0, 1, 0, 0, 0, 0, 0, 1, 
	0, 1, 0, 0, 1, 0, 0, 1, 0, 0, 0, 1, 0, 1, 0, 1, 0, 0, 0, 0, 1, 0, 0, 0, 
	0, 0, 0, 0, 0, 0, 0, 0, 0, 0, 0, 0, 0, 0, 0, 0, 0, 1, 1, 0, 0, 0, 0, 0, 
	0, 0, 0, 1, 0, 0, 0, 0, 0, 0, 0, 0, 0, 1, 0, 1, 1, 0, 0, 1, 0, 0, 0, 0, 
	0, 0, 1, 0, 1, 0, 0, 0, 0, 0, 0, 0, 0, 0, 0, 0, 0, 0, 0, 0, 1, 0, 0, 0, 
	0, 0, 0, 0, 0, 1, 0, 0, 0, 0, 0, 1, 0, 0, 0, 0, 0, 0, 0, 1, 0, 1, 1, 0, 
	0, 1, 0, 0, 0, 1, 0, 0, 0, 1, 0, 0, 0, 0, 0, 1, 0, 0, 0, 1, 0, 0, 0, 0, 
	0, 0, 0, 0, 1, 0, 1, 0, 0, 0, 0, 0, 0, 0, 0, 0, 0, 0, 0, 1, 0, 1, 0, 0, 
	0, 0, 0, 0, 0, 0, 0, 0, 0, 0, 0, 0, 0, 0, 0, 0, 0, 0, 0, 0, 0, 0, 0, 0, 
	0, 0, 0, 0, 0, 1, 0, 0, 0, 0, 1, 0, 0, 0, 0, 0, 0, 0, 0, 0, 0, 1, 0, 0, 
	0, 1, 0, 0, 0, 0, 0, 0, 0, 0, 1, 1, 0, 0, 0, 1, 1, 1, 0, 0, 0, 0, 1, 0, 
	0, 0, 0, 0, 0, 0, 1, 1, 1, 0, 0, 0, 0, 1, 1, 0, 0, 0, 0, 0, 0, 0, 0, 0, 
	0, 0, 0, 0, 0, 0, 0, 0, 0, 0, 0, 0, 0, 1, 0, 0, 0, 0, 0, 0, 0, 0, 0, 0, 
	0, 0, 1, 0, 0, 0, 0, 0, 0, 1, 0, 1, 0, 0, 0, 0, 0, 0, 0, 0, 0, 0, 1, 0, 
	1, 0, 0, 0, 0, 0, 0, 0, 1, 0, 0, 0, 0, 0, 1, 0, 0, 1, 0, 1, 0, 0, 0, 1, 
	0, 0, 0, 0, 0, 1, 0, 0, 1, 0, 0, 0, 0, 0, 1, 1, 0, 1, 0, 1, 1, 0, 0, 0, 
	0, 0, 0, 0, 0, 0, 0, 0, 0, 0, 1, 1, 0, 1, 0, 0, 0, 0, 0, 0, 0, 0, 0, 0, 
	0, 0, 0, 0, 0, 0, 0, 0, 0, 0, 0, 0, 0, 0, 1, 0, 1, 0, 0, 0, 0, 0, 1, 0, 
	0, 0, 1, 1, 0, 0, 0, 0, 0, 0, 0, 0, 0, 0, 0, 1, 0, 0, 1, 0, 0, 0, 0, 0, 
	0, 0, 0, 0, 0, 1, 0, 0, 0, 0, 1, 0, 1, 0, 0, 0, 0, 1, 0, 0, 0, 0, 1, 1, 
	1, 0, 0, 1, 0, 1, 0, 0, 0, 0, 1, 0, 0, 0, 0, 0, 1, 0, 1, 1, 0, 0, 0, 1, 
	0, 0, 0, 0, 1, 0, 0, 1, 0, 1, 0, 0, 0, 0, 0, 0, 0, 0, 0, 0, 1, 0, 1, 0, 
	1, 0, 0, 0, 0, 1, 0), closing = c(30, 20, 30, 29, 50, 20, 10, 28, 30, 
	30, 0, 30, 0, 30, 29, 30, 30, 28, 31, 29, 28, 30, 50, 15, 42, 30, 15, 
	30, 29, 30, 15, 30, 29, 28, 0, 30, 29, 30, 0, 28, 15, 30, 28, 30, 30, 
	10, 29, 30, 28, 28, 30, 29, 31, 30, 10, 28, 31, 20, 30, 30, 30, 0, 21, 
	5, 28, 29, 0, 28, 10, 30, 20, 42, 0, 30, 10, 15, 0, 30, 10, 29, 30, 30, 
	10, 30, 28, 30, 29, 30, 20, 30, 21, 30, 29, 0, 0, 28, 0, 30, 17, 28, 15,
	29, 20, 0, 30, 30, 0, 30, 30, 29, 0, 30, 30, 30, 30, 10, 0, 30, 30, 30, 
	0, 0, 42, 32, 0, 29, 29, 29, 0, 10, 30, 29, 10, 30, 30, 30, 0, 28, 10, 
	30, 24, 29, 28, 30, 30, 20, 30, 20, 21, 28, 30, 28, 28, 10, 21, 30, 10, 
	30, 30, 15, 0, 0, 30, 10, 30, 30, 0, 30, 30, 30, 30, 30, 30, 30, 29, 30,
	29, 50, 30, 30, 32, 30, 28, 0, 29, 30, 30, 0, 21, 30, 30, 30, 29, 29, 
	10, 42, 42, 30, 30, 28, 30, 10, 30, 29, 29, 0, 29, 50, 30, 30, 0, 30, 
	30, 29, 50, 17, 30, 29, 30, 30, 28, 28, 28, 30, 50, 30, 30, 29, 50, 30, 
	30, 28, 29, 0, 30, 5, 10, 29, 28, 21, 30, 29, 0, 30, 29, 28, 30, 28, 30,
	30, 28, 30, 30, 17, 10, 29, 30, 30, 28, 29, 29, 30, 30, 29, 28, 30, 29, 
	29, 30, 28, 30, 10, 28, 29, 0, 28, 10, 30, 30, 29, 10, 30, 10, 30, 42, 
	30, 10, 30, 32, 30, 30, 30, 0, 30, 30, 0, 0, 29, 5, 10, 10, 10, 10, 28, 
	32, 28, 30, 0, 30, 10, 20, 29, 0, 30, 10, 30, 15, 0, 30, 42, 30, 30, 29,
	30, 30, 30, 30, 28, 0, 30, 30, 20, 28, 29, 30, 29, 28, 30, 30, 29, 30, 
	30, 30, 29, 30, 29, 0, 28, 28, 10, 30, 29, 50, 28, 0, 30, 30, 30, 30, 
	31, 28, 29, 10, 21, 0, 30, 30, 30, 30, 30, 30, 29, 0, 30, 28, 30, 29, 0,
	28, 28, 30, 42, 28, 0, 30, 30, 29, 30, 30, 30, 15, 29, 30, 30, 30, 31, 
	17, 20, 29, 28, 0, 30, 10, 30, 30, 0, 30, 28, 28, 30, 30, 10, 29, 29, 0,
	29, 30, 42, 28, 0, 21, 28, 20, 29, 30, 30, 30, 15, 30, 29, 10, 29, 10, 
	30, 29, 29, 30, 0, 30, 28, 28, 10, 30, 30, 30, 31, 29, 0, 30, 10, 28, 5,
	30, 30, 29, 28, 30, 15, 30, 0, 10, 30, 28, 29, 29, 10, 30, 29, 30, 29, 
	29, 28, 30, 15, 32, 29, 42, 30, 20, 10, 28, 0, 10, 31, 15, 30, 30, 10, 
	29, 30, 29, 30, 30, 30, 30, 10, 29, 30, 32, 10, 30, 30, 30, 42, 29, 30, 
	10, 30, 30, 30, 10, 30, 10, 30, 30, 29, 30, 10, 50, 29, 10, 28, 10, 5, 
	30, 10, 0, 0, 20, 28, 28, 30, 0, 15, 32, 30, 30, 0, 28, 0, 0, 29, 42, 
	28, 30, 30, 29, 30, 0, 30, 30, 30, 30, 29, 30, 10, 0, 15, 29, 30, 0, 29,
	20, 10, 30, 30, 29, 15, 29, 29, 29, 30, 42, 42, 0, 30, 30, 29, 29, 30, 
	30, 30, 28, 30, 10, 29, 30, 10, 30, 29, 30, 30, 0, 29, 29, 30, 28, 0, 
	30, 29, 29, 29, 30, 30, 29, 30, 32, 30, 30, 29, 30, 28, 30, 29, 20, 28, 
	28, 28, 29, 30, 28, 30, 10, 29, 30, 30, 32, 10, 31, 29, 28, 30, 15, 32, 
	30, 30, 21, 10, 21, 30, 30, 30, 30, 30, 15, 29, 29, 10, 42, 0, 29, 0, 
	30, 30, 29, 30, 10, 30, 28, 30, 5, 50, 30, 10, 30, 0, 10, 5, 30, 29, 29,
	30, 29, 28, 30, 10, 10, 30, 30, 24, 30, 28, 29, 29, 10, 29, 29, 30, 30, 
	24, 28, 15, 30, 28, 30, 30, 0, 30, 30, 30, 15, 30, 30, 30, 30, 30, 30, 
	30, 29, 0, 30, 30, 42, 29, 30, 32, 30, 30, 30, 10, 28, 28, 30, 30, 30, 
	30, 30, 10, 10, 28, 29, 30, 10, 10, 20, 10, 0, 30, 30, 30, 10, 30, 30, 
	29, 0, 30, 30, 30, 15, 0, 30, 32, 10, 29, 20, 30, 30, 0, 28, 29, 0, 30, 
	30, 21, 10, 21, 30, 29, 30, 42, 31, 30, 24, 28, 30, 0, 30, 30, 30, 30, 
	30, 30, 30, 30, 30, 17, 30, 30, 30, 29, 29, 30, 29, 29, 30, 28, 30, 29, 
	30, 30, 30, 29, 28, 30, 31, 0, 30, 28, 15, 30, 29, 30, 30, 30, 0, 30, 
	28, 30, 24, 42, 30, 0, 24, 30, 0, 10, 30, 10, 10, 10, 0, 29, 0, 28, 50, 
	30, 30, 31, 29, 30, 28, 29, 29, 30, 30, 17, 30, 15, 10, 30, 30, 30, 28, 
	0, 28, 29, 17, 10, 29, 30, 29, 28, 29, 10, 30, 30, 30, 30, 30, 30, 10, 
	28, 30, 30, 20, 10, 30, 29, 29, 10, 30, 21, 30, 29, 50, 30, 29, 28, 0, 
	29, 32, 24, 21, 15, 32, 29, 28, 29, 5, 10, 30, 30, 28, 30, 30, 30, 30, 
	42, 30, 30, 15, 0, 29, 42, 30, 15, 0, 10, 15, 30, 30, 30, 30, 29, 29, 
	30, 30, 28, 0, 30, 0, 30, 30, 30, 29, 30, 30, 30, 30, 29, 30, 30, 21, 
	30, 30, 30, 30, 28, 0, 30, 30, 30, 32, 5, 30, 10, 30, 32, 0, 10, 30, 0, 
	29, 0, 30, 30, 30, 28, 28, 20, 30, 30, 29, 29, 30, 29, 10, 30, 30, 30, 
	30, 29, 0, 15, 32, 30, 30, 0, 0, 30, 10, 30, 30, 10, 31, 28, 30, 29, 30,
	30, 30, 30, 28, 21, 15, 30, 30, 30, 30, 10, 10, 29, 30, 30, 28, 50, 28, 
	28, 30, 30, 28, 0, 0, 29, 0, 17, 0, 30, 29, 10, 30, 30, 30, 29, 42, 30, 
	29, 28, 29, 30, 29, 28, 50, 30, 30, 10, 29, 5, 30, 0, 30, 30, 30, 30, 
	10, 10, 29, 30, 30, 20, 30, 0, 29, 30, 28, 0, 29, 10, 30, 5, 15, 28, 30,
	28, 30, 30, 30, 30, 30, 0, 20, 50, 30, 0, 30, 30, 30, 29, 28, 30, 30, 
	30, 30, 30, 24, 30, 10, 42, 30, 10, 0, 30, 30, 28, 20, 28, 30, 30, 10, 
	30, 30, 32, 10, 29, 29, 5, 30, 28, 50, 28, 28, 17, 30, 30, 30, 10, 29, 
	30, 29, 29, 30, 29, 28, 30, 30, 28, 29, 30, 21, 30, 15, 29, 30, 0, 29, 
	30, 30, 29, 15, 30, 29, 10, 30, 30, 30, 30, 24, 24, 0, 0, 30, 21, 30, 
	29, 30, 29, 30, 0, 30, 30, 29, 30, 29, 50, 28, 20, 28, 17, 30, 10, 32, 
	28, 28, 30, 10, 29, 42, 15, 29, 21, 5, 30, 10, 10, 29, 10, 30, 30, 10, 
	29, 29, 28, 29, 28, 29, 29, 28, 29, 30, 29, 29, 30, 29, 28, 28, 30, 20, 
	5, 10, 30, 10, 30, 30, 30, 29, 30, 21, 24, 28, 30, 29, 30, 30, 30, 30, 
	30, 30, 30, 30, 30, 30, 10, 29, 30, 30, 15, 30, 30, 32, 10, 10, 15, 30, 
	30, 28, 10, 30, 30, 30, 30, 30, 30, 30, 42, 30, 30, 32, 28, 28, 29, 29, 
	29, 29, 30, 50, 30, 29, 30, 29, 30, 29, 20, 30, 30, 30, 30, 30, 28, 30, 
	30, 0, 29, 42, 10, 30, 30, 28, 32, 10, 30, 28, 10, 21, 10, 10, 29, 30, 
	24, 30, 30, 30, 0, 21, 30, 30, 30, 30, 30, 30, 30, 30, 10, 30, 5, 31, 
	30, 29, 29, 30, 30, 30, 30, 10, 30, 29, 10, 30, 30, 30, 10, 30, 10, 29, 
	28, 28, 29, 30, 10, 28, 31, 15, 29, 28, 30, 30, 50, 30, 30, 15, 10, 28, 
	29, 30, 28, 29, 29, 29, 30, 21, 30, 17, 29, 32, 30, 30, 29, 29, 30, 30, 
	0, 10, 5, 30, 29, 29, 30, 50, 10, 30, 24, 29, 28, 30, 30, 28, 30, 30, 
	10, 32, 30, 29, 32, 30, 32, 28, 30, 29, 29, 30, 30, 29, 30, 0, 30, 30, 
	30, 30, 31, 28, 29, 29, 30, 0, 20, 30, 28, 30, 10, 0, 15, 30, 30, 28, 
	30, 20, 10, 28, 24, 29, 28, 30, 21, 30, 10, 30, 15, 30, 30, 30, 30, 29, 
	28, 30, 29, 32, 30, 29, 42, 28, 30, 31, 0, 32, 28, 30, 10, 32, 20, 10, 
	30, 30, 0, 10, 50, 29, 30, 31, 30, 30, 30, 30, 10, 28, 17, 29, 30, 30, 
	20, 28, 30, 17, 28, 30, 30, 28, 30, 10, 0, 28, 30, 0, 30, 30, 42, 30, 
	28, 29, 30, 30, 30, 0, 30, 30, 30, 30, 42, 29, 30, 24, 29, 29, 30, 32, 
	30, 29, 30, 0, 30, 30, 29, 30, 30, 30, 31, 30, 30, 29, 31, 29, 29, 30, 
	28, 15, 10, 30, 20, 30, 30, 30, 5, 30, 0, 28, 30, 29, 31, 0, 15, 29, 0, 
	30, 10, 0, 42, 30, 30, 30, 30, 30, 10, 10, 29, 10, 29, 29, 30, 28, 0, 
	28, 30, 30, 28, 50, 30, 30, 31, 42, 30, 0, 42, 30, 30, 29, 15, 30, 10, 
	30, 15, 30, 30, 10, 0, 29, 30, 0, 30, 10, 30, 30, 30, 29, 30, 30, 42, 
	15, 10, 30, 28, 28, 28, 30, 30, 30, 10, 29, 32, 30, 30, 30, 21, 30, 10, 
	31, 10, 30, 29, 0, 30, 30, 0, 24, 50, 29, 15, 30, 30, 30, 30, 29, 30, 
	29, 29, 30, 28, 30, 30, 30, 29, 0, 15, 30, 30, 20, 30, 29, 30, 29, 32, 
	30, 30, 30, 29, 15, 17, 10, 0, 30, 30, 30, 28, 30, 10, 0, 20, 0, 28, 10,
	32, 30, 0, 29, 10, 30, 28, 20, 50, 5, 10, 50, 15, 10, 10, 0, 30, 30, 0, 
	29, 17, 28, 0, 30, 0, 30, 28, 20, 30, 30, 0, 28, 29, 29, 30, 29, 30, 30,
	29, 30, 15, 30, 10, 29, 28, 30, 28, 0, 30, 30, 29, 30, 0, 30, 29, 50, 
	20, 15, 29, 30, 30, 50, 30, 30, 30, 28, 30, 28, 21, 30, 42, 30, 29, 0, 
	29, 0, 29, 32, 30, 30, 30, 30, 10, 29, 30, 10, 30, 30, 29, 29, 29, 28, 
	31, 29, 30, 10, 5, 30, 0, 30, 28, 30, 28, 29, 29, 0, 29, 0, 30, 28, 30, 
	15, 0, 10, 10, 28, 28, 50, 10, 30, 28, 30, 10, 29, 30, 30, 30, 0, 30, 5,
	29, 0, 30, 30, 30, 0, 10, 42, 29, 30, 15, 30, 30, 10, 28, 30, 30, 30, 
	30, 29, 15, 32, 20, 0, 28, 30, 30, 10, 20, 30, 30, 21, 30, 0, 28, 30, 
	24, 0, 30, 29, 29, 29, 30, 30, 30, 30, 5, 10, 10, 30, 30, 15, 28, 30, 
	28, 30, 10, 28, 30, 20, 30, 28, 17, 30, 30, 28, 30, 0, 10, 29, 29, 0, 
	30, 30, 5, 10, 30, 30, 30, 29, 29, 32, 0, 30, 30, 30, 29, 30, 28, 32, 
	30, 15, 32, 10, 30, 28, 24, 32, 32, 29, 0, 21, 32, 0, 10, 30, 21, 30, 
	30, 30, 42, 29, 29, 29, 30, 21, 21, 30, 29, 10, 30, 30, 30, 10, 30, 0, 
	28, 30, 28, 30, 10, 30, 30, 29, 30, 30, 28, 15, 29, 30, 29, 30, 29, 30, 
	21, 29, 29, 20, 28, 30, 15, 29, 15, 30, 30, 29, 30, 29, 28, 30, 30, 30, 
	0, 30, 29, 20, 0, 42, 30, 31, 42, 30, 29, 30, 30, 17, 29, 10, 10, 28, 
	24, 30, 29, 30, 30, 10, 29, 20, 30, 32, 30, 29, 29, 0, 30, 30, 29, 0, 
	21, 30, 10, 10, 30, 24, 30, 15, 30, 31, 5, 30, 20, 30, 31, 5, 17, 30, 
	28, 30, 30, 0, 30, 29, 30, 30, 30, 30, 30, 0, 29, 31, 28, 0, 0, 10, 32, 
	10, 30, 24, 24, 29, 30, 30, 42, 30, 15, 30, 30, 28, 30, 29, 29, 30, 29, 
	0, 30, 30, 30, 28, 32, 30, 30, 28, 30, 30, 30, 5, 0, 29, 28, 0, 30, 29, 
	29, 10, 30, 10, 10, 28, 32, 30, 30, 29, 30, 24, 29, 28, 28, 29, 28, 17, 
	24, 30, 30, 30, 30, 28, 31, 30, 31, 28, 15, 28, 20, 30, 30, 30, 0, 30, 
	30, 30, 20, 29, 30, 28, 28, 28, 30, 10, 30, 17, 15, 30, 30, 30, 0, 0, 
	30, 28, 28, 20, 10, 30, 0, 50, 29, 29, 30, 30, 29, 30, 30, 29, 30, 30, 
	30, 10, 30, 29, 10, 42, 28, 0, 30, 30, 30, 30, 28, 28, 30, 50, 10, 30, 
	21, 30, 29, 30, 30, 28, 0, 28, 30, 0, 10, 30, 10, 10, 24, 30, 30, 30, 
	30, 30, 29, 30, 28, 30, 31, 30, 0, 5, 50, 29, 5, 30, 20, 28, 31, 29, 30,
	0, 30, 17, 10, 0, 29, 20, 30, 28, 0, 30, 10, 30, 30, 30, 30, 30, 10, 0, 
	10, 30, 29, 17, 30, 30, 29, 10, 0, 30, 30, 15, 30, 15, 29, 30, 30, 30, 
	29, 30, 30, 10, 28, 0, 31, 30, 10, 0, 30, 29, 30, 10, 30, 30, 5, 28, 30,
	28, 50, 30, 29, 10, 30, 29, 0, 30, 30, 10, 28, 17, 30, 30, 30, 30, 30, 
	24, 24, 30, 30, 29, 15, 24, 30, 20, 30, 10, 28, 32, 30, 28, 30, 28, 30, 
	30, 30, 10, 29, 30, 10, 30, 24, 31, 24, 30, 0, 10, 30, 30, 28, 30, 30, 
	29, 28, 30, 32, 30, 0, 10, 30, 28, 30, 30, 30, 30, 0, 30, 28, 0, 30, 0, 
	29, 30, 28, 42, 30, 24, 10, 29, 30, 32, 30, 30, 30, 28, 30, 10, 0, 30, 
	29, 30, 28, 30, 10, 30, 20, 24, 30, 30, 30, 29, 0, 30, 30, 10, 30, 31, 
	29, 28, 29, 30, 30, 30, 10, 29, 29, 30, 29, 50, 20, 30, 30, 17, 30, 10, 
	28, 30, 0, 30, 30, 28, 30, 30, 10, 30, 10, 29, 15, 30, 32, 28, 28, 29, 
	32, 30, 30, 30, 30, 31, 30, 30, 10, 30, 30, 10, 30, 10, 30, 0, 0, 10, 
	28, 17, 30, 0, 0, 0, 10, 29, 24, 30, 30, 10, 30, 30, 30, 30, 30, 30, 10,
	29, 31, 20, 28, 10, 28, 30, 30, 10, 30, 29, 29, 30, 15, 10, 28, 15, 30, 
	29, 28, 0, 30, 30, 30, 31, 0, 30, 30, 29, 0, 30, 29, 30, 30, 30, 10, 29,
	20, 28, 30, 29, 30, 29, 28, 30, 21, 28, 29, 0, 30, 20, 28, 10, 0, 30, 
	28, 30, 30, 29, 30, 31, 30, 31, 29, 30, 30, 30, 30, 30, 29, 10, 10, 30, 
	30, 15, 30, 20, 28, 30, 10, 30, 30, 30, 30, 29, 30, 0, 30, 30, 29, 30, 
	32, 10, 30, 30, 29, 28, 30, 28, 15, 28, 30, 28, 0, 30, 15, 42, 30, 30, 
	5, 30, 10, 28, 28, 29, 30, 10, 10, 30, 29, 32, 30, 30, 30, 30, 30, 29, 
	28, 29, 10, 29, 30, 24, 10, 30, 30, 28, 28, 32, 30, 30, 29, 30, 10, 30, 
	28, 30, 30, 30, 30, 28, 0, 28, 15, 29, 30, 30, 30, 29, 28, 30, 30, 30, 
	0, 0, 30, 29, 30, 30, 30, 28, 10, 30, 30, 28, 30, 30, 29, 30, 21, 20, 
	29, 10, 30, 10, 28, 30, 28, 10, 30, 29, 28, 30, 28, 30, 30, 30, 10, 30, 
	30, 30, 15, 10, 28, 30, 30, 32, 30, 29, 30, 30, 29, 50, 30, 10, 30, 29, 
	30, 32, 29, 28, 30, 29, 29, 30, 30, 30, 0, 15, 28, 28, 10, 28, 30, 30, 
	0, 10, 10, 10, 30, 15, 24, 30, 30, 30, 30, 30, 30, 20, 30, 30, 30, 30, 
	24, 10, 30, 28, 30, 10, 30, 24, 28, 28, 30, 30, 30, 28, 28, 30, 32, 30, 
	30, 29, 29, 10, 28, 0, 0, 29, 30, 0, 28, 30, 29, 30, 30, 24, 30, 30, 28,
	30, 20, 30, 30, 29, 32, 10, 29, 30, 30, 30, 10, 0, 42, 0, 28, 28, 30, 
	30, 30, 21, 0, 29, 30, 30, 31, 10, 10, 30, 28, 30, 30, 29, 29, 30, 17, 
	15, 29, 29, 30, 30, 30, 30, 42, 20, 10, 21, 30, 30, 30, 30, 30, 30, 30, 
	0, 5, 29, 30, 29, 30, 32, 30, 29, 30, 29, 28, 28, 30, 10, 29, 30, 29, 
	20, 30, 29, 30, 5, 30, 20, 30, 28, 30, 29, 30, 30, 10, 5, 30, 29, 28, 
	30, 30, 29, 30, 29, 17, 20, 30, 28, 30, 0, 28, 10, 30, 30, 30, 30, 30, 
	50, 31, 30, 30, 10, 30, 10, 0, 30, 29, 28, 30, 29, 30, 30, 28, 0, 29, 
	31, 10, 29, 30, 42, 30, 0, 29, 30, 30, 28, 30, 20, 20, 30, 28, 0, 0, 29,
	15, 29, 29, 21, 30, 29, 28, 30, 30, 30, 15, 20, 30, 30, 0, 30, 30, 30, 
	10, 28, 30, 29, 29, 30, 30, 10, 30, 28, 30, 10, 30, 15, 30, 15, 42, 30, 
	28, 0, 28, 30, 0, 30, 30, 30, 10, 30, 29, 0, 10, 30, 31, 28, 30, 42, 5, 
	0, 0, 29, 30, 30, 31, 28, 30, 29, 10, 30, 30, 29, 30, 30, 10, 30, 29, 
	30, 29, 0, 21, 30, 30, 20, 30, 20, 29, 30, 15, 30, 30, 28, 0, 15, 30, 
	30, 28, 30, 42, 28, 30, 10, 29, 29, 10, 30, 29, 0, 0, 30, 30, 28, 30, 
	28, 29), N = 3000, b0 = c(0, 0, 0, 0, 0, 0, 0, 0, 0, 0), B = structure(
	.Data = c(0.001, 0, 0, 0, 0, 0, 0, 0, 0, 0, 0, 0.001, 0, 0, 0, 0, 0, 0, 
	0, 0, 0, 0, 0.001, 0, 0, 0, 0, 0, 0, 0, 0, 0, 0, 0.001, 0, 0, 0, 0, 0, 
	0, 0, 0, 0, 0, 0.001, 0, 0, 0, 0, 0, 0, 0, 0, 0, 0, 0.001, 0, 0, 0, 0, 
	0, 0, 0, 0, 0, 0, 0.001, 0, 0, 0, 0, 0, 0, 0, 0, 0, 0, 0.001, 0, 0, 0, 
	0, 0, 0, 0, 0, 0, 0, 0.001, 0, 0, 0, 0, 0, 0, 0, 0, 0, 0, 0.001), .Dim
	 = c(10, 10)))


Initial Values:

## reasonable start values
list(beta = c(0, 0, 0, 0, 0, 0, 0, 0, 0, 0))

## alternative set of start values for 2nd parallel chain, from OLS
list(beta=c(-0.3392423378,  0.0741911953,  0.0012163747,  0.0230970246, 
            -0.0001679677, -0.0333484965,  0.0204799754, -0.0068319918,                0.0017752978, -0.0001432201)





